0 0 59432
1 0 43
2 0 947
3 0 518
4 0 47
5 0 263
6 0 107
7 0 80
8 0 115
9 0 293
10 0 2417
11 0 127
12 0 514
13 0 1162
14 0 1144
15 0 140
16 0 227
17 0 1538
18 0 91
19 0 2515
20 0 23
21 0 403
22 0 333
23 0 1692
24 0 86
25 0 118
26 0 280
27 0 1402
28 0 1445
29 0 1334
30 0 1209
31 0 259
32 0 1150
33 0 1662
34 0 170
35 0 1287
36 0 80
37 0 406
38 0 736
39 0 228
40 0 1503
41 0 20793
42 0 334
43 0 500
44 0 291
45 0 18377
46 0 17833
47 0 837
48 0 19
49 0 94
50 0 100
51 0 1968
52 0 281
53 0 113
54 0 246
55 0 930
56 0 1391
57 0 1412
58 0 139
59 0 1311
60 0 76
61 0 18
0 1 18
1 1 5505
2 1 89
3 1 53
4 1 658
5 1 14
6 1 91
7 1 56
8 1 17
9 1 7
10 1 16
11 1 7
12 1 9
13 1 6
14 1 284
15 1 5
16 1 6
17 1 1
18 1 47
19 1 8
21 1 6
22 1 8
23 1 6
24 1 1
25 1 137
26 1 15
27 1 266
28 1 5
29 1 35
30 1 6
31 1 64
32 1 19
33 1 61
34 1 88
35 1 30
36 1 33
37 1 29
38 1 12
40 1 13
41 1 7
43 1 5
44 1 16
45 1 23
46 1 7
47 1 7
48 1 11
49 1 3
50 1 720
51 1 26
52 1 15
53 1 11
54 1 26
55 1 12
56 1 8
57 1 3
58 1 57
59 1 14
60 1 110
61 1 47
0 2 224
1 2 3
2 2 103928
3 2 81
4 2 6
5 2 25
6 2 15
7 2 6
8 2 23
9 2 12
10 2 73
11 2 19
12 2 33
13 2 1190
14 2 136
15 2 6
16 2 1
17 2 20
18 2 2
19 2 62
20 2 1
21 2 28
22 2 11
23 2 14896
24 2 3
25 2 8
26 2 31
27 2 95
28 2 27
29 2 7691
30 2 21008
31 2 33
32 2 107
33 2 186
34 2 11
35 2 1880
36 2 3
37 2 50
38 2 39
39 2 934
40 2 20151
41 2 99
42 2 2264
43 2 2958
44 2 13
45 2 112
46 2 117
47 2 41
48 2 1
49 2 26
50 2 8
51 2 4561
52 2 151
53 2 20
54 2 56
55 2 633
56 2 35
57 2 29
58 2 8
59 2 22135
60 2 5
61 2 4
0 3 322
1 3 56
2 3 215
3 3 39329
4 3 113
5 3 261
6 3 121
7 3 469
8 3 1909
9 3 68
10 3 72
11 3 713
12 3 490
13 3 198
14 3 505
15 3 32
16 3 32
17 3 82
18 3 70
19 3 50
20 3 6
21 3 125
22 3 86
23 3 335
24 3 12
25 3 75
26 3 245
27 3 838
28 3 91
29 3 286
30 3 239
31 3 123
32 3 438
33 3 1466
34 3 120
35 3 309
36 3 40
37 3 328
38 3 520
39 3 37
40 3 259
41 3 179
42 3 76
43 3 99
44 3 87
45 3 283
46 3 151
47 3 162
48 3 92
49 3 146
50 3 254
51 3 366
52 3 108
53 3 4620
54 3 431
55 3 209
56 3 95
57 3 90
58 3 109
59 3 275
60 3 56
61 3 67
0 4 14
1 4 1523
2 4 25
3 4 43
4 4 9620
5 4 16
6 4 870
7 4 74
8 4 11
9 4 14
10 4 5
11 4 12
12 4 6
13 4 11
14 4 1373
15 4 1
16 4 3
17 4 8
18 4 64
19 4 5
20 4 1
21 4 4
22 4 9
23 4 64
24 4 3
25 4 143
26 4 13
27 4 285
28 4 3
29 4 29
30 4 15
31 4 210
32 4 15
33 4 98
34 4 82
35 4 26
36 4 43
37 4 19
38 4 3
39 4 1
40 4 43
41 4 10
42 4 6
43 4 6
44 4 15
45 4 19
46 4 9
47 4 1
48 4 18
49 4 7
50 4 148
51 4 26
52 4 8
53 4 12
54 4 26
55 4 8
56 4 1
57 4 6
58 4 38
59 4 11
60 4 221
61 4 41
0 5 49
1 5 15
2 5 36
3 5 168
4 5 41
5 5 9779
6 5 34
7 5 98
8 5 89
9 5 30
10 5 13
11 5 217
12 5 10
13 5 25
14 5 148
15 5 24
16 5 22
17 5 19
18 5 28
19 5 12
20 5 1
21 5 55
22 5 70
23 5 27
24 5 20
25 5 51
26 5 123
27 5 455
28 5 14
29 5 17
30 5 30
31 5 38
32 5 156
33 5 2384
34 5 297
35 5 43
36 5 23
37 5 469
38 5 11
39 5 6
40 5 20
41 5 27
42 5 11
43 5 13
44 5 58
45 5 71
46 5 27
47 5 6
48 5 26
49 5 555
50 5 119
51 5 25
52 5 18
53 5 58
54 5 450
55 5 17
56 5 20
57 5 21
58 5 549
59 5 19
60 5 27
61 5 28
0 6 50
1 6 367
2 6 41
3 6 72
4 6 1315
5 6 32
6 6 25519
7 6 74
8 6 26
9 6 13
10 6 11
11 6 18
12 6 8
13 6 15
14 6 2160
15 6 3
16 6 4
17 6 10
18 6 42
19 6 11
20 6 1
21 6 13
22 6 20
23 6 67
24 6 5
25 6 63
26 6 20
27 6 467
28 6 12
29 6 54
30 6 44
31 6 360
32 6 62
33 6 143
34 6 86
35 6 35
36 6 33
37 6 32
38 6 7
39 6 3
40 6 48
41 6 14
42 6 12
43 6 4
44 6 18
45 6 39
46 6 19
47 6 2
48 6 19
49 6 16
50 6 111
51 6 67
52 6 9
53 6 13
54 6 30
55 6 9
56 6 16
57 6 9
58 6 84
59 6 36
60 6 42
61 6 32
0 7 117
1 7 65
2 7 46
3 7 732
4 7 99
5 7 144
6 7 71
7 7 13708
8 7 100
9 7 26
10 7 27
11 7 90
12 7 27
13 7 88
14 7 410
15 7 16
16 7 19
17 7 21
18 7 55
19 7 24
20 7 1
21 7 20
22 7 50
23 7 74
24 7 7
25 7 73
26 7 64
27 7 555
28 7 21
29 7 80
30 7 67
31 7 87
32 7 108
33 7 451
34 7 183
35 7 112
36 7 29
37 7 115
38 7 25
39 7 12
40 7 100
41 7 52
42 7 30
43 7 43
44 7 38
45 7 83
46 7 62
47 7 16
48 7 690
49 7 134
50 7 2915
51 7 52
52 7 39
53 7 733
54 7 591
55 7 69
56 7 24
57 7 31
58 7 97
59 7 61
60 7 38
61 7 113
0 8 45
1 8 5
2 8 7
3 8 1258
4 8 6
5 8 32
6 8 24
7 8 11
8 8 6423
9 8 46
10 8 9
11 8 198
12 8 461
13 8 40
14 8 54
15 8 23
16 8 24
17 8 73
18 8 9
19 8 9
20 8 4
21 8 211
22 8 61
23 8 41
24 8 18
25 8 8
26 8 561
27 8 95
28 8 58
29 8 20
30 8 82
31 8 15
32 8 746
33 8 365
34 8 11
35 8 66
36 8 4
37 8 106
38 8 1000
39 8 6
40 8 18
41 8 30
42 8 5
43 8 13
44 8 53
45 8 61
46 8 25
47 8 75
49 8 18
50 8 11
51 8 31
52 8 25
53 8 131
54 8 36
55 8 28
56 8 14
57 8 16
58 8 14
59 8 28
60 8 2
61 8 4
0 9 106
1 9 5
2 9 24
3 9 40
4 9 12
5 9 14
6 9 16
7 9 16
8 9 8
9 9 16877
10 9 13
11 9 6
12 9 15
13 9 43
14 9 80
15 9 1032
16 9 873
17 9 28
18 9 9
19 9 8
20 9 21
21 9 51
22 9 142
23 9 55
24 9 31
25 9 7
26 9 23
27 9 74
28 9 33
29 9 45
30 9 16
31 9 18
32 9 148
33 9 93
34 9 19
35 9 48
36 9 8
37 9 38
38 9 7
39 9 5
40 9 29
41 9 73
42 9 5
43 9 24
44 9 327
45 9 107
46 9 64
47 9 12
48 9 2
49 9 3
50 9 16
51 9 68
52 9 13
53 9 7
54 9 14
55 9 37
56 9 40
57 9 46
58 9 26
59 9 15
60 9 4
61 9 4
0 10 626
1 10 4
2 10 59
3 10 35
4 10 5
5 10 11
6 10 11
7 10 12
8 10 13
9 10 12
10 10 7848
11 10 6
12 10 40
13 10 768
14 10 97
15 10 3
16 10 9
17 10 60
19 10 1346
20 10 1
21 10 39
22 10 12
23 10 112
24 10 4
25 10 1
26 10 9
27 10 12
28 10 57
29 10 82
30 10 93
31 10 23
32 10 77
33 10 81
34 10 1
35 10 163
36 10 2
37 10 18
38 10 66
39 10 43
40 10 92
41 10 822
42 10 20
43 10 62
44 10 16
45 10 272
46 10 151
47 10 25
48 10 1
49 10 4
50 10 10
51 10 120
52 10 43
53 10 10
54 10 17
55 10 511
56 10 66
57 10 58
59 10 130
61 10 1
0 11 51
1 11 16
2 11 27
3 11 590
4 11 24
5 11 556
6 11 39
7 11 114
8 11 374
9 11 21
10 11 9
11 11 6616
12 11 15
13 11 44
14 11 98
15 11 10
16 11 13
17 11 22
18 11 22
19 11 2
20 11 2
21 11 69
22 11 28
23 11 41
24 11 4
25 11 19
26 11 230
27 11 183
28 11 19
29 11 82
30 11 17
31 11 25
32 11 144
33 11 972
34 11 44
35 11 44
36 11 11
37 11 103
38 11 40
39 11 7
40 11 28
41 11 25
42 11 18
43 11 18
44 11 27
45 11 49
46 11 38
47 11 21
48 11 23
49 11 64
50 11 60
51 11 91
52 11 19
53 11 206
54 11 929
55 11 34
56 11 10
57 11 15
58 11 47
59 11 46
60 11 17
61 11 11
0 12 48
1 12 8
2 12 23
3 12 483
4 12 21
5 12 9
6 12 24
7 12 16
8 12 834
9 12 5
10 12 39
11 12 75
12 12 4573
13 12 30
14 12 21
15 12 2
16 12 7
17 12 24
18 12 7
19 12 82
20 12 1
21 12 58
22 12 24
23 12 54
24 12 6
25 12 9
26 12 24
27 12 39
28 12 19
29 12 56
30 12 57
31 12 6
32 12 100
33 12 68
34 12 9
35 12 39
36 12 5
37 12 25
38 12 1165
39 12 7
40 12 38
41 12 16
42 12 11
43 12 18
44 12 17
45 12 52
46 12 14
47 12 333
48 12 3
49 12 6
50 12 12
51 12 47
52 12 218
53 12 49
54 12 13
55 12 152
56 12 23
57 12 17
58 12 5
59 12 35
61 12 6
0 13 730
1 13 10
2 13 825
3 13 206
4 13 6
5 13 30
6 13 28
7 13 25
8 13 33
9 13 27
10 13 1561
11 13 39
12 13 71
13 13 44626
14 13 110
15 13 17
16 13 24
17 13 82
18 13 11
19 13 563
20 13 2
21 13 77
22 13 71
23 13 1147
24 13 15
25 13 11
26 13 30
27 13 163
28 13 81
29 13 993
30 13 1095
31 13 21
32 13 309
33 13 244
34 13 24
35 13 5750
36 13 8
37 13 63
38 13 94
39 13 1714
40 13 1190
41 13 382
42 13 277
43 13 614
44 13 40
45 13 419
46 13 329
47 13 53
48 13 5
49 13 31
50 13 21
51 13 1414
52 13 653
53 13 38
54 13 125
55 13 8230
56 13 89
57 13 85
58 13 22
59 13 2878
60 13 13
61 13 9
0 14 551
1 14 1347
2 14 553
3 14 672
4 14 4194
5 14 480
6 14 4518
7 14 579
8 14 193
9 14 171
10 14 54
11 14 186
12 14 47
13 14 266
14 14 277656
15 14 50
16 14 96
17 14 115
18 14 4050
19 14 44
20 14 13
21 14 130
22 14 253
23 14 986
24 14 56
25 14 1915
26 14 431
27 14 10174
28 14 100
29 14 830
30 14 1169
31 14 36831
32 14 473
33 14 2590
34 14 1265
35 14 312
36 14 1778
37 14 678
38 14 71
39 14 70
40 14 1027
41 14 290
42 14 158
43 14 178
44 14 214
45 14 430
46 14 253
47 14 36
48 14 124
49 14 121
50 14 793
51 14 1116
52 14 89
53 14 182
54 14 376
55 14 179
56 14 124
57 14 130
58 14 1064
59 14 504
60 14 2642
61 14 212
0 15 58
1 15 3
2 15 5
3 15 25
4 15 1
5 15 28
6 15 7
7 15 2
8 15 4
9 15 818
10 15 8
11 15 8
12 15 5
13 15 13
14 15 11
15 15 5511
16 15 959
17 15 19
18 15 2
19 15 6
20 15 27
21 15 23
22 15 43
23 15 11
24 15 13
25 15 2
26 15 29
27 15 18
28 15 15
29 15 1
30 15 14
31 15 2
32 15 45
33 15 224
34 15 2
35 15 14
37 15 41
38 15 8
39 15 5
40 15 14
41 15 34
42 15 1
43 15 4
44 15 124
45 15 72
46 15 26
47 15 7
49 15 4
50 15 1
51 15 17
52 15 5
53 15 10
54 15 16
55 15 12
56 15 205
57 15 154
59 15 10
61 15 1
0 16 24
2 16 8
3 16 9
5 16 15
8 16 6
9 16 629
10 16 7
11 16 5
12 16 9
13 16 7
14 16 37
15 16 837
16 16 5557
17 16 8
18 16 3
19 16 8
20 16 25
21 16 20
22 16 71
23 16 10
24 16 12
25 16 6
26 16 18
27 16 36
28 16 12
29 16 8
30 16 3
31 16 7
32 16 53
33 16 73
34 16 7
35 16 22
36 16 3
37 16 16
38 16 11
39 16 5
40 16 11
41 16 17
43 16 5
44 16 945
45 16 39
46 16 18
47 16 5
49 16 4
51 16 9
52 16 8
53 16 7
54 16 5
55 16 12
56 16 20
57 16 28
58 16 11
59 16 11
60 16 2
0 17 317
1 17 6
2 17 20
3 17 69
4 17 7
5 17 14
6 17 18
7 17 11
8 17 23
9 17 81
10 17 39
11 17 13
12 17 65
13 17 44
14 17 86
15 17 45
16 17 48
17 17 6882
18 17 6
19 17 32
20 17 10
21 17 426
22 17 84
23 17 47
24 17 18
25 17 13
26 17 21
27 17 89
28 17 1692
29 17 21
30 17 21
31 17 21
32 17 349
33 17 130
34 17 15
35 17 59
36 17 3
37 17 39
38 17 140
39 17 8
40 17 25
41 17 153
42 17 9
43 17 20
44 17 71
45 17 764
46 17 260
47 17 160
48 17 5
49 17 14
50 17 12
51 17 57
52 17 30
53 17 14
54 17 35
55 17 35
56 17 155
57 17 133
58 17 14
59 17 19
60 17 7
0 18 20
1 18 79
3 18 74
4 18 109
5 18 29
6 18 132
7 18 58
8 18 17
9 18 17
10 18 4
11 18 18
12 18 9
13 18 14
14 18 1396
15 18 3
16 18 6
17 18 11
18 18 7313
19 18 4
21 18 10
22 18 14
23 18 13
24 18 2
25 18 449
26 18 13
27 18 1615
28 18 3
29 18 13
30 18 3
31 18 403
32 18 34
33 18 139
34 18 149
35 18 17
36 18 839
37 18 35
38 18 3
40 18 13
41 18 6
43 18 5
44 18 22
45 18 30
46 18 12
47 18 4
48 18 13
49 18 6
50 18 98
51 18 16
52 18 12
53 18 13
54 18 37
55 18 12
56 18 11
57 18 12
58 18 108
59 18 7
60 18 1255
61 18 17
0 19 830
2 19 31
3 19 24
5 19 9
6 19 2
8 19 3
9 19 7
10 19 485
11 19 5
12 19 129
13 19 202
14 19 25
15 19 3
16 19 5
17 19 34
18 19 3
19 19 4149
21 19 15
22 19 15
23 19 63
24 19 3
25 19 5
26 19 6
27 19 14
28 19 29
29 19 62
30 19 35
31 19 10
32 19 44
33 19 40
34 19 7
35 19 159
36 19 1
37 19 14
38 19 73
39 19 21
40 19 56
41 19 196
42 19 23
43 19 60
44 19 14
45 19 172
46 19 91
47 19 217
49 19 2
50 19 1
51 19 89
52 19 37
53 19 7
54 19 14
55 19 614
56 19 40
57 19 38
58 19 2
59 19 63
60 19 3
0 20 4
3 20 1
9 20 9
10 20 1
12 20 2
15 20 18
16 20 27
17 20 54
20 20 415
21 20 29
22 20 9
23 20 1
24 20 17
26 20 1
27 20 3
28 20 10
32 20 21
33 20 10
35 20 4
37 20 1
38 20 1
39 20 1
40 20 1
41 20 2
43 20 1
44 20 5
45 20 25
46 20 6
53 20 1
56 20 25
57 20 7
59 20 7
0 21 63
1 21 3
2 21 19
3 21 62
4 21 10
5 21 33
6 21 14
7 21 6
8 21 44
9 21 24
10 21 25
11 21 33
12 21 81
13 21 20
14 21 40
15 21 17
16 21 18
17 21 331
18 21 2
19 21 14
20 21 23
21 21 5928
22 21 105
23 21 37
24 21 120
25 21 16
26 21 142
27 21 77
28 21 309
29 21 15
30 21 23
31 21 15
32 21 2024
33 21 272
34 21 13
35 21 49
36 21 6
37 21 88
38 21 328
39 21 9
40 21 28
41 21 34
42 21 7
43 21 6
44 21 53
45 21 110
46 21 44
47 21 68
48 21 4
49 21 8
50 21 5
51 21 15
52 21 22
53 21 24
54 21 13
55 21 24
56 21 44
57 21 30
58 21 11
59 21 18
60 21 2
61 21 1
0 22 95
1 22 11
2 22 20
3 22 117
4 22 26
5 22 121
6 22 46
7 22 24
8 22 19
9 22 119
10 22 23
11 22 24
12 22 21
13 22 30
14 22 186
15 22 58
16 22 88
17 22 59
18 22 23
19 22 16
20 22 16
21 22 158
22 22 17849
23 22 39
24 22 1359
25 22 32
26 22 115
27 22 346
28 22 44
29 22 26
30 22 31
31 22 45
32 22 411
33 22 707
34 22 55
35 22 59
36 22 18
37 22 730
38 22 20
39 22 3
40 22 17
41 22 48
42 22 10
43 22 8
44 22 1294
45 22 146
46 22 41
47 22 13
48 22 7
49 22 13
50 22 30
51 22 43
52 22 23
53 22 37
54 22 61
55 22 33
56 22 50
57 22 43
58 22 44
59 22 18
60 22 26
61 22 9
0 23 479
1 23 7
2 23 31884
3 23 256
4 23 10
5 23 52
6 23 31
7 23 20
8 23 43
9 23 12
10 23 200
11 23 60
12 23 125
13 23 1268
14 23 202
15 23 2
16 23 7
17 23 39
18 23 12
19 23 152
20 23 1
21 23 39
22 23 22
23 23 303446
24 23 9
25 23 14
26 23 46
27 23 327
28 23 45
29 23 21964
30 23 33764
31 23 55
32 23 207
33 23 345
34 23 30
35 23 2398
36 23 15
37 23 73
38 23 171
39 23 503
40 23 76923
41 23 215
42 23 22263
43 23 3028
44 23 17
45 23 229
46 23 209
47 23 90
48 23 6
49 23 56
50 23 18
51 23 10263
52 23 240
53 23 48
54 23 113
55 23 710
56 23 58
57 23 49
58 23 20
59 23 6583
60 23 13
61 23 3
0 24 16
1 24 7
2 24 3
3 24 11
4 24 11
5 24 17
6 24 19
7 24 14
8 24 5
9 24 17
10 24 8
12 24 5
13 24 1
14 24 13
15 24 16
16 24 15
17 24 6
18 24 6
19 24 6
20 24 4
21 24 54
22 24 429
24 24 2334
25 24 3
26 24 21
27 24 38
28 24 7
29 24 1
30 24 1
31 24 1
32 24 282
33 24 61
34 24 6
35 24 17
36 24 3
37 24 94
38 24 6
39 24 2
41 24 11
43 24 4
44 24 242
45 24 17
46 24 6
47 24 5
48 24 2
49 24 4
50 24 13
51 24 1
52 24 14
53 24 2
54 24 9
55 24 4
56 24 3
57 24 6
58 24 6
59 24 3
60 24 6
61 24 3
0 25 23
1 25 239
2 25 25
3 25 65
4 25 127
5 25 37
6 25 57
7 25 84
8 25 14
9 25 15
10 25 10
11 25 12
12 25 4
13 25 7
14 25 309
15 25 5
16 25 4
17 25 7
18 25 540
19 25 9
21 25 7
22 25 37
23 25 13
24 25 4
25 25 5784
26 25 21
27 25 2032
28 25 7
29 25 14
30 25 23
31 25 72
32 25 38
33 25 125
34 25 598
35 25 26
36 25 138
37 25 48
38 25 12
40 25 10
41 25 16
42 25 2
43 25 9
44 25 19
45 25 19
46 25 13
47 25 2
48 25 24
49 25 10
50 25 1077
51 25 35
52 25 22
53 25 17
54 25 40
55 25 6
56 25 7
57 25 4
58 25 155
59 25 19
60 25 772
61 25 96
0 26 69
1 26 7
2 26 45
3 26 129
4 26 15
5 26 151
6 26 34
7 26 19
8 26 492
9 26 26
10 26 16
11 26 190
12 26 42
13 26 24
14 26 122
15 26 10
16 26 18
17 26 42
18 26 23
19 26 15
20 26 1
21 26 270
22 26 130
23 26 57
24 26 32
25 26 16
26 26 6929
27 26 167
28 26 41
29 26 38
30 26 80
31 26 31
32 26 2759
33 26 2058
34 26 24
35 26 37
36 26 11
37 26 342
38 26 134
39 26 6
40 26 56
41 26 36
42 26 4
43 26 14
44 26 63
45 26 50
46 26 37
47 26 38
48 26 5
49 26 26
50 26 22
51 26 36
52 26 19
53 26 42
54 26 65
55 26 22
56 26 21
57 26 17
58 26 24
59 26 56
60 26 8
61 26 10
0 27 945
1 27 386
2 27 396
3 27 1322
4 27 632
5 27 1065
6 27 808
7 27 895
8 27 329
9 27 256
10 27 106
11 27 352
12 27 98
13 27 278
14 27 9085
15 27 128
16 27 155
17 27 179
18 27 4813
19 27 80
20 27 16
21 27 209
22 27 347
23 27 934
24 27 61
25 27 8291
26 27 596
27 27 229100
28 27 177
29 27 868
30 27 860
31 27 2230
32 27 750
33 27 5339
34 27 13045
35 27 464
36 27 4205
37 27 1147
38 27 90
39 27 60
40 27 750
41 27 476
42 27 132
43 27 186
44 27 352
45 27 691
46 27 496
47 27 47
48 27 189
49 27 266
50 27 2037
51 27 1101
52 27 135
53 27 328
54 27 686
55 27 208
56 27 201
57 27 220
58 27 13774
59 27 672
60 27 1592
61 27 484
0 28 497
1 28 5
2 28 49
3 28 93
4 28 8
5 28 28
6 28 10
7 28 4
8 28 27
9 28 55
10 28 58
11 28 21
12 28 79
13 28 57
14 28 20
15 28 28
16 28 29
17 28 3044
18 28 1
19 28 48
20 28 3
21 28 460
22 28 47
23 28 56
24 28 9
25 28 4
26 28 22
27 28 55
28 28 5495
29 28 45
30 28 37
31 28 11
32 28 533
33 28 118
34 28 9
35 28 71
36 28 5
37 28 36
38 28 181
39 28 16
40 28 68
41 28 172
42 28 12
43 28 22
44 28 42
45 28 923
46 28 910
47 28 287
48 28 2
49 28 15
50 28 9
51 28 64
52 28 21
53 28 31
54 28 61
55 28 59
56 28 258
57 28 135
58 28 9
59 28 38
60 28 3
61 28 3
0 29 1202
1 29 26
2 29 14497
3 29 323
4 29 39
5 29 82
6 29 83
7 29 52
8 29 99
9 29 41
10 29 181
11 29 86
12 29 153
13 29 1898
14 29 1299
15 29 18
16 29 20
17 29 99
18 29 55
19 29 178
20 29 2
21 29 81
22 29 48
23 29 25071
24 29 15
25 29 77
26 29 94
27 29 713
28 29 94
29 29 229554
30 29 11563
31 29 324
32 29 436
33 29 556
34 29 106
35 29 2205
36 29 49
37 29 148
38 29 182
39 29 1037
40 29 81331
41 29 596
42 29 5849
43 29 2419
44 29 50
45 29 566
46 29 568
47 29 85
48 29 5
49 29 61
50 29 48
51 29 87064
52 29 290
53 29 93
54 29 172
55 29 1067
56 29 103
57 29 104
58 29 76
59 29 11192
60 29 38
61 29 12
0 30 3727
1 30 79
2 30 178327
3 30 1047
4 30 138
5 30 372
6 30 215
7 30 142
8 30 263
9 30 140
10 30 797
11 30 278
12 30 287
13 30 8362
14 30 2840
15 30 75
16 30 100
17 30 307
18 30 224
19 30 602
20 30 14
21 30 298
22 30 229
23 30 387454
24 30 49
25 30 227
26 30 383
27 30 3652
28 30 261
29 30 102962
30 30 492482
31 30 717
32 30 1245
33 30 2423
34 30 404
35 30 13310
36 30 151
37 30 600
38 30 343
39 30 5272
40 30 316522
41 30 1832
42 30 45333
43 30 15601
44 30 198
45 30 1769
46 30 1851
47 30 193
48 30 37
49 30 191
50 30 206
51 30 58132
52 30 1153
53 30 232
54 30 574
55 30 3670
56 30 358
57 30 315
58 30 343
59 30 84514
60 30 148
61 30 50
0 31 81
1 31 178
2 31 45
3 31 99
4 31 297
5 31 50
6 31 518
7 31 90
8 31 31
9 31 34
10 31 9
11 31 25
12 31 9
13 31 44
14 31 13338
15 31 12
16 31 21
17 31 10
18 31 515
19 31 5
20 31 2
21 31 16
22 31 39
23 31 130
24 31 13
25 31 191
26 31 58
27 31 1287
28 31 7
29 31 46
30 31 134
31 31 30632
32 31 69
33 31 295
34 31 184
35 31 54
36 31 828
37 31 87
38 31 13
39 31 7
40 31 113
41 31 31
42 31 19
43 31 29
44 31 44
45 31 47
46 31 36
47 31 4
48 31 17
49 31 17
50 31 144
51 31 139
52 31 13
53 31 28
54 31 50
55 31 25
56 31 14
57 31 11
58 31 152
59 31 50
60 31 105
61 31 23
0 32 591
1 32 54
2 32 151
3 32 488
4 32 72
5 32 306
6 32 149
7 32 99
8 32 324
9 32 203
10 32 95
11 32 296
12 32 348
13 32 177
14 32 592
15 32 82
16 32 109
17 32 330
18 32 59
19 32 76
20 32 8
21 32 7124
22 32 1073
23 32 299
24 32 525
25 32 74
26 32 3067
27 32 714
28 32 287
29 32 276
30 32 206
31 32 131
32 32 46524
33 32 3011
34 32 115
35 32 208
36 32 42
37 32 915
38 32 856
39 32 31
40 32 215
41 32 294
42 32 67
43 32 96
44 32 388
45 32 492
46 32 292
47 32 292
48 32 29
49 32 57
50 32 121
51 32 328
52 32 58
53 32 153
54 32 165
55 32 137
56 32 197
57 32 128
58 32 103
59 32 228
60 32 40
61 32 22
0 33 1080
1 33 176
2 33 506
3 33 1937
4 33 261
5 33 6365
6 33 440
7 33 538
8 33 950
9 33 201
10 33 166
11 33 1243
12 33 131
13 33 450
14 33 2813
15 33 102
16 33 120
17 33 325
18 33 289
19 33 112
20 33 18
21 33 1342
22 33 1411
23 33 799
24 33 355
25 33 329
26 33 7381
27 33 4390
28 33 290
29 33 492
30 33 654
31 33 673
32 33 5120
33 33 119899
34 33 896
35 33 609
36 33 200
37 33 14432
38 33 146
39 33 114
40 33 708
41 33 569
42 33 174
43 33 310
44 33 697
45 33 1032
46 33 546
47 33 88
48 33 105
49 33 399
50 33 493
51 33 815
52 33 159
53 33 515
54 33 941
55 33 340
56 33 235
57 33 210
58 33 884
59 33 772
60 33 192
61 33 137
0 34 104
1 34 95
2 34 45
3 34 241
4 34 142
5 34 503
6 34 108
7 34 245
8 34 58
9 34 39
10 34 20
11 34 71
12 34 8
13 34 39
14 34 817
15 34 28
16 34 39
17 34 35
18 34 223
19 34 15
20 34 4
21 34 42
22 34 60
23 34 105
24 34 24
25 34 947
26 34 102
27 34 8772
28 34 30
29 34 53
30 34 90
31 34 194
32 34 125
33 34 867
34 34 15564
35 34 63
36 34 177
37 34 257
38 34 18
39 34 13
40 34 66
41 34 58
42 34 10
43 34 34
44 34 70
45 34 113
46 34 63
47 34 7
48 34 56
49 34 1791
50 34 875
51 34 117
52 34 25
53 34 81
54 34 364
55 34 39
56 34 35
57 34 35
58 34 3581
59 34 63
60 34 205
61 34 1408
0 35 647
1 35 24
2 35 1495
3 35 277
4 35 37
5 35 76
6 35 89
7 35 43
8 35 61
9 35 55
10 35 231
11 35 59
12 35 94
13 35 5725
14 35 309
15 35 22
16 35 24
17 35 93
18 35 30
19 35 202
20 35 4
21 35 106
22 35 75
23 35 2284
24 35 11
25 35 27
26 35 85
27 35 359
28 35 81
29 35 1531
30 35 1138
31 35 72
32 35 354
33 35 493
34 35 53
35 35 56726
36 35 22
37 35 139
38 35 137
39 35 696
40 35 1884
41 35 326
42 35 440
43 35 3325
44 35 82
45 35 387
46 35 308
47 35 66
48 35 5
49 35 59
50 35 51
51 35 2174
52 35 4059
53 35 67
54 35 128
55 35 6281
56 35 97
57 35 103
58 35 51
59 35 2440
60 35 17
61 35 14
0 36 11
1 36 33
2 36 5
3 36 18
4 36 42
5 36 3
6 36 44
7 36 15
8 36 1
9 36 3
11 36 1
12 36 1
13 36 5
14 36 333
16 36 2
17 36 4
18 36 505
19 36 3
21 36 2
22 36 4
23 36 6
24 36 2
25 36 72
26 36 3
27 36 717
29 36 14
31 36 927
32 36 9
33 36 23
34 36 42
35 36 8
36 36 4775
37 36 8
38 36 2
40 36 6
41 36 3
44 36 10
45 36 8
46 36 1
47 36 2
48 36 1
49 36 3
50 36 20
51 36 11
52 36 1
53 36 5
54 36 10
55 36 8
56 36 2
57 36 4
58 36 40
60 36 77
61 36 3
0 37 73
1 37 22
2 37 32
3 37 146
4 37 28
5 37 741
6 37 46
7 37 55
8 37 72
9 37 24
10 37 21
11 37 69
12 37 14
13 37 45
14 37 209
15 37 12
16 37 21
17 37 26
18 37 41
19 37 14
20 37 1
21 37 148
22 37 626
23 37 29
24 37 162
25 37 36
26 37 325
27 37 513
28 37 23
29 37 23
30 37 42
31 37 53
32 37 528
33 37 2948
34 37 116
35 37 60
36 37 28
37 37 13740
38 37 14
39 37 16
40 37 19
41 37 36
42 37 8
43 37 30
44 37 157
45 37 62
46 37 30
47 37 12
48 37 7
49 37 32
50 37 47
51 37 83
52 37 24
53 37 30
54 37 84
55 37 35
56 37 21
57 37 22
58 37 348
59 37 41
60 37 19
61 37 18
0 38 178
1 38 7
2 38 48
3 38 354
4 38 17
5 38 37
6 38 35
7 38 24
8 38 879
9 38 29
10 38 47
11 38 222
12 38 1634
13 38 76
14 38 85
15 38 15
16 38 21
17 38 135
18 38 15
19 38 33
20 38 1
21 38 801
22 38 53
23 38 85
24 38 13
25 38 11
26 38 192
27 38 90
28 38 207
29 38 84
30 38 41
31 38 14
32 38 552
33 38 258
34 38 28
35 38 108
36 38 15
37 38 68
38 38 8729
39 38 18
40 38 62
41 38 88
42 38 17
43 38 34
44 38 42
45 38 130
46 38 125
47 38 414
48 38 2
49 38 14
50 38 31
51 38 125
52 38 42
53 38 84
54 38 53
55 38 55
56 38 46
57 38 36
58 38 18
59 38 93
60 38 7
61 38 2
0 39 53
2 39 345
3 39 28
4 39 3
5 39 5
6 39 3
7 39 3
8 39 7
9 39 3
10 39 19
11 39 1
12 39 6
13 39 3800
14 39 19
16 39 3
17 39 8
18 39 1
19 39 15
21 39 7
22 39 4
23 39 246
24 39 1
25 39 1
26 39 3
27 39 13
28 39 7
29 39 264
30 39 184
31 39 3
32 39 24
33 39 40
34 39 2
35 39 592
36 39 2
37 39 12
38 39 21
39 39 6416
40 39 358
41 39 29
42 39 74
43 39 183
44 39 2
45 39 37
46 39 29
47 39 10
48 39 1
50 39 1
51 39 318
52 39 54
53 39 9
54 39 17
55 39 257
56 39 10
57 39 8
58 39 1
59 39 2694
61 39 2
0 40 600
1 40 12
2 40 37174
3 40 242
4 40 12
5 40 82
6 40 33
7 40 16
8 40 57
9 40 23
10 40 182
11 40 47
12 40 120
13 40 1579
14 40 432
15 40 7
16 40 11
17 40 76
18 40 34
19 40 143
21 40 76
22 40 21
23 40 82715
24 40 7
25 40 39
26 40 88
27 40 514
28 40 66
29 40 54950
30 40 28905
31 40 85
32 40 318
33 40 505
34 40 70
35 40 2335
36 40 23
37 40 108
38 40 140
39 40 789
40 40 236131
41 40 312
42 40 7656
43 40 2464
44 40 28
45 40 349
46 40 302
47 40 74
48 40 2
49 40 45
50 40 20
51 40 20093
52 40 314
53 40 51
54 40 97
55 40 861
56 40 73
57 40 59
58 40 55
59 40 9778
60 40 35
61 40 5
0 41 7941
1 41 12
2 41 95
3 41 86
4 41 8
5 41 39
6 41 18
7 41 12
8 41 18
9 41 57
10 41 883
11 41 22
12 41 107
13 41 270
14 41 58
15 41 32
16 41 34
17 41 251
18 41 7
19 41 420
20 41 1
21 41 92
22 41 69
23 41 198
24 41 26
25 41 7
26 41 30
27 41 69
28 41 226
29 41 172
30 41 131
31 41 15
32 41 227
33 41 191
34 41 16
35 41 216
36 41 6
37 41 71
38 41 108
39 41 54
40 41 163
41 41 14618
42 41 39
43 41 84
44 41 82
45 41 3804
46 41 2382
47 41 73
49 41 15
50 41 10
51 41 272
52 41 50
53 41 16
54 41 72
55 41 195
56 41 364
57 41 558
58 41 5
59 41 336
60 41 2
61 41 5
0 42 108
1 42 2
2 42 2528
3 42 64
4 42 9
5 42 20
6 42 4
7 42 7
8 42 8
9 42 8
10 42 43
11 42 11
12 42 35
13 42 310
14 42 41
15 42 4
16 42 5
17 42 11
18 42 6
19 42 29
21 42 10
22 42 7
23 42 9309
24 42 1
25 42 7
26 42 17
27 42 48
28 42 8
29 42 2553
30 42 2116
31 42 15
32 42 54
33 42 69
34 42 8
35 42 386
36 42 5
37 42 20
38 42 44
39 42 125
40 42 4274
41 42 63
42 42 43659
43 42 455
44 42 4
45 42 56
46 42 38
47 42 21
48 42 1
49 42 5
50 42 4
51 42 2228
52 42 58
53 42 16
54 42 28
55 42 175
56 42 17
57 42 9
58 42 4
59 42 1183
60 42 6
61 42 4
0 43 287
1 43 7
2 43 3451
3 43 103
4 43 6
5 43 32
6 43 13
7 43 5
8 43 19
9 43 8
10 43 70
11 43 21
12 43 59
13 43 1141
14 43 138
15 43 4
16 43 6
17 43 28
18 43 21
19 43 61
21 43 36
22 43 12
23 43 3101
24 43 2
25 43 12
26 43 29
27 43 164
28 43 36
29 43 2056
30 43 2377
31 43 39
32 43 124
33 43 232
34 43 20
35 43 6963
36 43 10
37 43 52
38 43 99
39 43 472
40 43 2957
41 43 123
42 43 665
43 43 44484
44 43 12
45 43 139
46 43 130
47 43 53
48 43 2
49 43 18
50 43 8
51 43 2252
52 43 430
53 43 18
54 43 53
55 43 738
56 43 41
57 43 29
58 43 20
59 43 5956
60 43 8
61 43 2
0 44 106
1 44 15
2 44 44
3 44 41
4 44 14
5 44 45
6 44 27
7 44 20
8 44 11
9 44 572
10 44 11
11 44 9
12 44 9
13 44 22
14 44 63
15 44 208
16 44 965
17 44 35
18 44 11
19 44 9
20 44 34
21 44 44
22 44 873
23 44 39
24 44 224
25 44 16
26 44 25
27 44 133
28 44 34
29 44 53
30 44 42
31 44 13
32 44 133
33 44 231
34 44 26
35 44 34
36 44 14
37 44 87
38 44 15
39 44 1
40 44 38
41 44 44
42 44 2
43 44 6
44 44 16970
45 44 112
46 44 49
47 44 6
48 44 2
49 44 8
50 44 21
51 44 33
52 44 11
53 44 15
54 44 26
55 44 21
56 44 49
57 44 37
58 44 24
59 44 17
60 44 13
61 44 6
0 45 5913
1 45 21
2 45 198
3 45 166
4 45 27
5 45 76
6 45 48
7 45 32
8 45 46
9 45 254
10 45 343
11 45 39
12 45 151
13 45 418
14 45 176
15 45 169
16 45 161
17 45 1355
18 45 31
19 45 265
20 45 18
21 45 173
22 45 151
23 45 365
24 45 35
25 45 36
26 45 71
27 45 340
28 45 1046
29 45 399
30 45 330
31 45 29
32 45 520
33 45 447
34 45 62
35 45 420
36 45 19
37 45 118
38 45 196
39 45 76
40 45 305
41 45 3915
42 45 67
43 45 164
44 45 158
45 45 32782
46 45 4916
47 45 121
48 45 6
49 45 30
50 45 26
51 45 559
52 45 112
53 45 42
54 45 82
55 45 265
56 45 3812
57 45 3349
58 45 40
59 45 405
60 45 23
61 45 7
0 46 7547
1 46 10
2 46 125
3 46 115
4 46 10
5 46 49
6 46 20
7 46 15
8 46 26
9 46 93
10 46 376
11 46 22
12 46 248
13 46 215
14 46 183
15 46 51
16 46 60
17 46 1273
18 46 17
19 46 305
20 46 6
21 46 106
22 46 94
23 46 182
24 46 16
25 46 17
26 46 53
27 46 224
28 46 1754
29 46 172
30 46 142
31 46 36
32 46 331
33 46 342
34 46 38
35 46 267
36 46 17
37 46 87
38 46 327
39 46 47
40 46 200
41 46 2755
42 46 58
43 46 102
44 46 115
45 46 8266
46 46 19930
47 46 527
48 46 1
49 46 16
50 46 12
51 46 297
52 46 45
53 46 27
54 46 52
55 46 167
56 46 540
57 46 411
58 46 28
59 46 222
60 46 8
61 46 1
0 47 275
1 47 4
2 47 43
3 47 62
4 47 5
5 47 29
6 47 9
7 47 11
8 47 17
9 47 27
10 47 41
11 47 34
12 47 143
13 47 38
14 47 22
15 47 9
16 47 14
17 47 166
18 47 2
19 47 48
20 47 2
21 47 152
22 47 33
23 47 45
24 47 6
25 47 6
26 47 27
27 47 31
28 47 344
29 47 37
30 47 29
31 47 1
32 47 193
33 47 205
34 47 6
35 47 58
36 47 3
37 47 47
38 47 321
39 47 3
40 47 54
41 47 73
42 47 6
43 47 16
44 47 23
45 47 108
46 47 201
47 47 2456
48 47 1
49 47 11
50 47 4
51 47 83
52 47 27
53 47 20
54 47 17
55 47 29
56 47 40
57 47 40
58 47 6
59 47 34
60 47 4
61 47 1
0 48 7
1 48 7
2 48 1
3 48 63
4 48 8
5 48 46
6 48 5
7 48 559
8 48 13
9 48 2
10 48 2
11 48 21
12 48 3
13 48 4
14 48 21
15 48 2
16 48 4
17 48 3
18 48 15
20 48 1
21 48 3
22 48 4
23 48 8
24 48 3
25 48 25
26 48 10
27 48 56
28 48 2
29 48 1
30 48 4
31 48 8
32 48 9
33 48 51
34 48 25
35 48 4
36 48 3
37 48 14
38 48 1
40 48 4
41 48 7
44 48 2
45 48 5
46 48 2
48 48 1357
49 48 96
50 48 335
51 48 2
52 48 3
53 48 55
54 48 196
55 48 2
56 48 5
57 48 2
58 48 14
59 48 7
60 48 15
61 48 186
0 49 27
1 49 14
2 49 1
3 49 78
4 49 18
5 49 708
6 49 18
7 49 101
8 49 21
9 49 8
10 49 6
11 49 31
12 49 1
13 49 29
14 49 167
15 49 3
16 49 12
17 49 20
18 49 28
19 49 8
21 49 20
22 49 23
23 49 21
24 49 3
25 49 34
26 49 47
27 49 454
28 49 21
29 49 16
30 49 8
31 49 42
32 49 66
33 49 378
34 49 1078
35 49 37
36 49 19
37 49 85
38 49 2
39 49 5
40 49 3
41 49 15
42 49 1
43 49 31
44 49 20
45 49 43
46 49 20
47 49 2
48 49 105
49 49 3042
50 49 181
51 49 41
52 49 3
53 49 20
54 49 229
55 49 24
56 49 16
57 49 13
58 49 621
59 49 33
60 49 23
61 49 108
0 50 51
1 50 671
2 50 13
3 50 316
4 50 326
5 50 48
6 50 96
7 50 3526
8 50 47
9 50 35
10 50 35
11 50 34
12 50 22
13 50 25
14 50 322
15 50 9
16 50 22
17 50 13
18 50 77
19 50 24
20 50 2
21 50 18
22 50 49
23 50 27
24 50 15
25 50 581
26 50 38
27 50 647
28 50 13
29 50 24
30 50 18
31 50 79
32 50 62
33 50 213
34 50 341
35 50 67
36 50 51
37 50 52
38 50 28
39 50 3
40 50 25
41 50 16
42 50 9
43 50 18
44 50 45
45 50 37
46 50 22
47 50 10
48 50 631
49 50 129
50 50 15250
51 50 33
52 50 32
53 50 105
54 50 329
55 50 32
56 50 17
57 50 15
58 50 128
59 50 25
60 50 133
61 50 287
0 51 1160
1 51 32
2 51 7493
3 51 388
4 51 57
5 51 137
6 51 90
7 51 70
8 51 104
9 51 81
10 51 234
11 51 87
12 51 169
13 51 1960
14 51 988
15 51 26
16 51 42
17 51 126
18 51 61
19 51 168
20 51 6
21 51 155
22 51 91
23 51 12387
24 51 21
25 51 65
26 51 148
27 51 736
28 51 120
29 51 62127
30 51 6610
31 51 214
32 51 553
33 51 805
34 51 125
35 51 2041
36 51 48
37 51 216
38 51 247
39 51 937
40 51 22087
41 51 599
42 51 2931
43 51 1945
44 51 91
45 51 624
46 51 577
47 51 95
48 51 14
49 51 76
50 51 65
51 51 344610
52 51 303
53 51 106
54 51 220
55 51 1069
56 51 154
57 51 141
58 51 109
59 51 6850
60 51 53
61 51 15
0 52 90
1 52 5
2 52 122
3 52 62
4 52 4
5 52 9
6 52 10
7 52 5
8 52 13
9 52 9
10 52 38
11 52 27
12 52 303
13 52 248
14 52 11
15 52 3
16 52 7
17 52 24
18 52 4
19 52 26
21 52 20
22 52 11
23 52 274
24 52 4
25 52 4
26 52 15
27 52 33
28 52 17
29 52 468
30 52 137
31 52 3
32 52 55
33 52 68
34 52 5
35 52 1597
36 52 2
37 52 15
38 52 117
39 52 49
40 52 290
41 52 44
42 52 57
43 52 154
44 52 11
45 52 56
46 52 35
47 52 53
48 52 1
49 52 6
50 52 10
51 52 749
52 52 9192
53 52 17
54 52 30
55 52 797
56 52 14
57 52 12
58 52 8
59 52 216
60 52 2
61 52 3
0 53 22
1 53 10
2 53 7
3 53 2272
4 53 10
5 53 50
6 53 18
7 53 606
8 53 78
9 53 5
10 53 6
11 53 89
12 53 22
13 53 12
14 53 44
15 53 4
16 53 3
17 53 14
18 53 3
19 53 3
21 53 12
22 53 5
23 53 15
25 53 4
26 53 68
27 53 63
28 53 10
29 53 24
30 53 11
31 53 5
32 53 46
33 53 295
34 53 4
35 53 5
36 53 5
37 53 56
38 53 19
39 53 2
40 53 26
41 53 12
42 53 4
43 53 9
44 53 7
45 53 21
46 53 14
47 53 11
48 53 62
49 53 24
50 53 79
51 53 31
52 53 5
53 53 4144
54 53 216
55 53 8
56 53 14
57 53 10
58 53 12
59 53 15
60 53 6
61 53 20
0 54 121
1 54 24
2 54 86
3 54 851
4 54 45
5 54 1746
6 54 57
7 54 1266
8 54 164
9 54 39
10 54 23
11 54 2432
12 54 40
13 54 73
14 54 279
15 54 16
16 54 21
17 54 35
18 54 47
19 54 23
20 54 1
21 54 37
22 54 46
23 54 220
24 54 16
25 54 66
26 54 153
27 54 560
28 54 22
29 54 121
30 54 218
31 54 67
32 54 119
33 54 910
34 54 225
35 54 87
36 54 39
37 54 135
38 54 45
39 54 28
40 54 173
41 54 63
42 54 35
43 54 52
44 54 41
45 54 86
46 54 63
47 54 21
48 54 1391
49 54 890
50 54 349
51 54 94
52 54 39
53 54 2255
54 54 20942
55 54 47
56 54 29
57 54 25
58 54 119
59 54 158
60 54 46
61 54 88
0 55 453
1 55 16
2 55 347
3 55 86
4 55 24
5 55 27
6 55 43
7 55 25
8 55 20
9 55 57
10 55 659
11 55 33
12 55 246
13 55 4446
14 55 81
15 55 31
16 55 33
17 55 65
18 55 13
19 55 1133
20 55 6
21 55 51
22 55 73
23 55 465
24 55 21
25 55 13
26 55 13
27 55 61
28 55 48
29 55 335
30 55 333
31 55 24
32 55 166
33 55 137
34 55 19
35 55 2445
36 55 4
37 55 43
38 55 191
39 55 171
40 55 395
41 55 228
42 55 77
43 55 250
44 55 74
45 55 319
46 55 180
47 55 110
48 55 9
49 55 24
50 55 21
51 55 496
52 55 795
53 55 21
54 55 45
55 55 24110
56 55 69
57 55 64
58 55 11
59 55 456
60 55 7
61 55 6
0 56 608
1 56 5
2 56 180
3 56 76
4 56 6
5 56 22
6 56 18
7 56 10
8 56 18
9 56 409
10 56 57
11 56 14
12 56 40
13 56 116
14 56 120
15 56 669
16 56 137
17 56 145
18 56 9
19 56 60
20 56 81
21 56 58
22 56 53
23 56 331
24 56 19
25 56 6
26 56 27
27 56 99
28 56 124
29 56 212
30 56 225
31 56 41
32 56 152
33 56 163
34 56 15
35 56 121
36 56 4
37 56 45
38 56 55
39 56 34
40 56 227
41 56 442
42 56 46
43 56 29
44 56 77
45 56 4731
46 56 425
47 56 23
49 56 11
50 56 8
51 56 196
52 56 19
53 56 12
54 56 33
55 56 92
56 56 10110
57 56 4325
58 56 11
59 56 130
60 56 4
61 56 3
0 57 139
1 57 2
2 57 7
3 57 22
4 57 1
5 57 1
6 57 7
8 57 7
9 57 65
10 57 24
11 57 4
12 57 19
13 57 17
14 57 22
15 57 111
16 57 31
17 57 48
18 57 3
19 57 20
20 57 8
21 57 9
22 57 23
23 57 19
24 57 1
25 57 2
26 57 4
27 57 5
28 57 27
29 57 11
30 57 16
31 57 8
32 57 34
33 57 17
35 57 23
37 57 4
38 57 14
39 57 9
40 57 19
41 57 292
42 57 2
43 57 3
44 57 20
45 57 1438
46 57 78
47 57 3
49 57 2
50 57 2
51 57 16
52 57 3
53 57 5
54 57 6
55 57 21
56 57 1338
57 57 4929
58 57 2
59 57 15
61 57 1
0 58 15
1 58 26
2 58 3
3 58 76
4 58 40
5 58 558
6 58 63
7 58 62
8 58 26
9 58 18
10 58 3
11 58 25
12 58 6
13 58 18
14 58 223
15 58 11
16 58 16
17 58 13
18 58 87
19 58 8
20 58 1
21 58 17
22 58 33
23 58 9
24 58 8
25 58 108
26 58 59
27 58 3307
28 58 4
29 58 11
30 58 4
31 58 47
32 58 51
33 58 423
34 58 1791
35 58 29
36 58 54
37 58 349
38 58 9
40 58 4
41 58 7
43 58 6
44 58 27
45 58 36
46 58 10
47 58 4
48 58 10
49 58 371
50 58 183
51 58 2
52 58 4
53 58 25
54 58 156
55 58 25
56 58 13
57 58 13
58 58 10040
59 58 5
60 58 69
61 58 43
0 59 1046
1 59 43
2 59 34220
3 59 472
4 59 73
5 59 126
6 59 134
7 59 98
8 59 115
9 59 28
10 59 278
11 59 114
12 59 114
13 59 10469
14 59 522
15 59 21
16 59 25
17 59 82
18 59 75
19 59 241
20 59 2
21 59 98
22 59 44
23 59 10492
24 59 13
25 59 85
26 59 122
27 59 963
28 59 96
29 59 11551
30 59 12287
31 59 98
32 59 393
33 59 767
34 59 136
35 59 6966
36 59 54
37 59 182
38 59 134
39 59 10866
40 59 14826
41 59 525
42 59 2350
43 59 10141
44 59 41
45 59 537
46 59 500
47 59 70
48 59 12
49 59 83
50 59 106
51 59 10995
52 59 575
53 59 118
54 59 247
55 59 1711
56 59 79
57 59 106
58 59 103
59 59 137334
60 59 59
61 59 24
0 60 3
1 60 374
3 60 20
4 60 922
5 60 3
6 60 58
7 60 83
8 60 8
9 60 8
10 60 1
11 60 6
13 60 2
14 60 1005
15 60 7
16 60 2
17 60 2
18 60 504
19 60 6
21 60 4
22 60 11
23 60 4
24 60 3
25 60 611
26 60 6
27 60 210
28 60 3
29 60 1
30 60 2
31 60 72
32 60 4
33 60 45
34 60 55
35 60 15
36 60 129
37 60 12
38 60 2
39 60 1
40 60 1
42 60 2
44 60 7
45 60 7
46 60 2
47 60 2
48 60 20
49 60 7
50 60 139
51 60 4
52 60 5
53 60 10
54 60 16
55 60 3
56 60 3
57 60 2
58 60 20
59 60 3
60 60 4093
61 60 44
0 61 7
1 61 7
3 61 31
4 61 18
5 61 69
6 61 4
7 61 107
8 61 15
9 61 5
10 61 5
11 61 6
12 61 3
13 61 3
14 61 47
15 61 3
16 61 2
17 61 4
18 61 13
19 61 2
21 61 5
22 61 8
23 61 7
24 61 1
25 61 26
26 61 6
27 61 198
28 61 6
29 61 1
30 61 4
31 61 9
32 61 19
33 61 98
34 61 553
35 61 3
36 61 4
37 61 14
38 61 4
39 61 2
40 61 3
41 61 3
43 61 4
44 61 2
45 61 8
46 61 2
48 61 214
49 61 104
50 61 472
51 61 6
52 61 2
53 61 8
54 61 67
56 61 7
57 61 5
58 61 131
59 61 2
60 61 14
61 61 2513
