0 309381
1 47462
2 1455444
3 196567
4 77922
5 78288
6 130779
7 87071
8 48844
9 81251
10 61509
11 48494
12 46053
13 295754
14 922578
15 38478
16 50660
17 53992
18 58937
19 47625
20 4712
21 63100
22 117635
23 2636735
24 26957
25 64717
26 71849
27 749600
28 49642
29 1361350
30 1644518
31 212652
32 232500
33 468463
34 109561
35 377647
36 41582
37 120146
38 60636
39 99042
40 2339150
41 160266
42 474558
43 326037
44 111007
45 226249
46 154604
47 31330
48 18186
49 34833
50 97631
51 1501587
52 74877
53 49453
54 104926
55 180143
56 64688
57 62230
58 91446
59 976396
60 41013
61 25048
