0 0 59432
0 1 18
0 2 224
0 3 322
0 4 14
0 5 49
0 6 50
0 7 117
0 8 45
0 9 106
0 10 626
0 11 51
0 12 48
0 13 730
0 14 551
0 15 58
0 16 24
0 17 317
0 18 20
0 19 830
0 20 4
0 21 63
0 22 95
0 23 479
0 24 16
0 25 23
0 26 69
0 27 945
0 28 497
0 29 1202
0 30 3727
0 31 81
0 32 591
0 33 1080
0 34 104
0 35 647
0 36 11
0 37 73
0 38 178
0 39 53
0 40 600
0 41 7941
0 42 108
0 43 287
0 44 106
0 45 5913
0 46 7547
0 47 275
0 48 7
0 49 27
0 50 51
0 51 1160
0 52 90
0 53 22
0 54 121
0 55 453
0 56 608
0 57 139
0 58 15
0 59 1046
0 60 3
0 61 7
1 0 43
1 1 5505
1 2 3
1 3 56
1 4 1523
1 5 15
1 6 367
1 7 65
1 8 5
1 9 5
1 10 4
1 11 16
1 12 8
1 13 10
1 14 1347
1 15 3
1 17 6
1 18 79
1 21 3
1 22 11
1 23 7
1 24 7
1 25 239
1 26 7
1 27 386
1 28 5
1 29 26
1 30 79
1 31 178
1 32 54
1 33 176
1 34 95
1 35 24
1 36 33
1 37 22
1 38 7
1 40 12
1 41 12
1 42 2
1 43 7
1 44 15
1 45 21
1 46 10
1 47 4
1 48 7
1 49 14
1 50 671
1 51 32
1 52 5
1 53 10
1 54 24
1 55 16
1 56 5
1 57 2
1 58 26
1 59 43
1 60 374
1 61 7
2 0 947
2 1 89
2 2 103928
2 3 215
2 4 25
2 5 36
2 6 41
2 7 46
2 8 7
2 9 24
2 10 59
2 11 27
2 12 23
2 13 825
2 14 553
2 15 5
2 16 8
2 17 20
2 19 31
2 21 19
2 22 20
2 23 31884
2 24 3
2 25 25
2 26 45
2 27 396
2 28 49
2 29 14497
2 30 178327
2 31 45
2 32 151
2 33 506
2 34 45
2 35 1495
2 36 5
2 37 32
2 38 48
2 39 345
2 40 37174
2 41 95
2 42 2528
2 43 3451
2 44 44
2 45 198
2 46 125
2 47 43
2 48 1
2 49 1
2 50 13
2 51 7493
2 52 122
2 53 7
2 54 86
2 55 347
2 56 180
2 57 7
2 58 3
2 59 34220
3 0 518
3 1 53
3 2 81
3 3 39329
3 4 43
3 5 168
3 6 72
3 7 732
3 8 1258
3 9 40
3 10 35
3 11 590
3 12 483
3 13 206
3 14 672
3 15 25
3 16 9
3 17 69
3 18 74
3 19 24
3 20 1
3 21 62
3 22 117
3 23 256
3 24 11
3 25 65
3 26 129
3 27 1322
3 28 93
3 29 323
3 30 1047
3 31 99
3 32 488
3 33 1937
3 34 241
3 35 277
3 36 18
3 37 146
3 38 354
3 39 28
3 40 242
3 41 86
3 42 64
3 43 103
3 44 41
3 45 166
3 46 115
3 47 62
3 48 63
3 49 78
3 50 316
3 51 388
3 52 62
3 53 2272
3 54 851
3 55 86
3 56 76
3 57 22
3 58 76
3 59 472
3 60 20
3 61 31
4 0 47
4 1 658
4 2 6
4 3 113
4 4 9620
4 5 41
4 6 1315
4 7 99
4 8 6
4 9 12
4 10 5
4 11 24
4 12 21
4 13 6
4 14 4194
4 15 1
4 17 7
4 18 109
4 21 10
4 22 26
4 23 10
4 24 11
4 25 127
4 26 15
4 27 632
4 28 8
4 29 39
4 30 138
4 31 297
4 32 72
4 33 261
4 34 142
4 35 37
4 36 42
4 37 28
4 38 17
4 39 3
4 40 12
4 41 8
4 42 9
4 43 6
4 44 14
4 45 27
4 46 10
4 47 5
4 48 8
4 49 18
4 50 326
4 51 57
4 52 4
4 53 10
4 54 45
4 55 24
4 56 6
4 57 1
4 58 40
4 59 73
4 60 922
4 61 18
5 0 263
5 1 14
5 2 25
5 3 261
5 4 16
5 5 9779
5 6 32
5 7 144
5 8 32
5 9 14
5 10 11
5 11 556
5 12 9
5 13 30
5 14 480
5 15 28
5 16 15
5 17 14
5 18 29
5 19 9
5 21 33
5 22 121
5 23 52
5 24 17
5 25 37
5 26 151
5 27 1065
5 28 28
5 29 82
5 30 372
5 31 50
5 32 306
5 33 6365
5 34 503
5 35 76
5 36 3
5 37 741
5 38 37
5 39 5
5 40 82
5 41 39
5 42 20
5 43 32
5 44 45
5 45 76
5 46 49
5 47 29
5 48 46
5 49 708
5 50 48
5 51 137
5 52 9
5 53 50
5 54 1746
5 55 27
5 56 22
5 57 1
5 58 558
5 59 126
5 60 3
5 61 69
6 0 107
6 1 91
6 2 15
6 3 121
6 4 870
6 5 34
6 6 25519
6 7 71
6 8 24
6 9 16
6 10 11
6 11 39
6 12 24
6 13 28
6 14 4518
6 15 7
6 17 18
6 18 132
6 19 2
6 21 14
6 22 46
6 23 31
6 24 19
6 25 57
6 26 34
6 27 808
6 28 10
6 29 83
6 30 215
6 31 518
6 32 149
6 33 440
6 34 108
6 35 89
6 36 44
6 37 46
6 38 35
6 39 3
6 40 33
6 41 18
6 42 4
6 43 13
6 44 27
6 45 48
6 46 20
6 47 9
6 48 5
6 49 18
6 50 96
6 51 90
6 52 10
6 53 18
6 54 57
6 55 43
6 56 18
6 57 7
6 58 63
6 59 134
6 60 58
6 61 4
7 0 80
7 1 56
7 2 6
7 3 469
7 4 74
7 5 98
7 6 74
7 7 13708
7 8 11
7 9 16
7 10 12
7 11 114
7 12 16
7 13 25
7 14 579
7 15 2
7 17 11
7 18 58
7 21 6
7 22 24
7 23 20
7 24 14
7 25 84
7 26 19
7 27 895
7 28 4
7 29 52
7 30 142
7 31 90
7 32 99
7 33 538
7 34 245
7 35 43
7 36 15
7 37 55
7 38 24
7 39 3
7 40 16
7 41 12
7 42 7
7 43 5
7 44 20
7 45 32
7 46 15
7 47 11
7 48 559
7 49 101
7 50 3526
7 51 70
7 52 5
7 53 606
7 54 1266
7 55 25
7 56 10
7 58 62
7 59 98
7 60 83
7 61 107
8 0 115
8 1 17
8 2 23
8 3 1909
8 4 11
8 5 89
8 6 26
8 7 100
8 8 6423
8 9 8
8 10 13
8 11 374
8 12 834
8 13 33
8 14 193
8 15 4
8 16 6
8 17 23
8 18 17
8 19 3
8 21 44
8 22 19
8 23 43
8 24 5
8 25 14
8 26 492
8 27 329
8 28 27
8 29 99
8 30 263
8 31 31
8 32 324
8 33 950
8 34 58
8 35 61
8 36 1
8 37 72
8 38 879
8 39 7
8 40 57
8 41 18
8 42 8
8 43 19
8 44 11
8 45 46
8 46 26
8 47 17
8 48 13
8 49 21
8 50 47
8 51 104
8 52 13
8 53 78
8 54 164
8 55 20
8 56 18
8 57 7
8 58 26
8 59 115
8 60 8
8 61 15
9 0 293
9 1 7
9 2 12
9 3 68
9 4 14
9 5 30
9 6 13
9 7 26
9 8 46
9 9 16877
9 10 12
9 11 21
9 12 5
9 13 27
9 14 171
9 15 818
9 16 629
9 17 81
9 18 17
9 19 7
9 20 9
9 21 24
9 22 119
9 23 12
9 24 17
9 25 15
9 26 26
9 27 256
9 28 55
9 29 41
9 30 140
9 31 34
9 32 203
9 33 201
9 34 39
9 35 55
9 36 3
9 37 24
9 38 29
9 39 3
9 40 23
9 41 57
9 42 8
9 43 8
9 44 572
9 45 254
9 46 93
9 47 27
9 48 2
9 49 8
9 50 35
9 51 81
9 52 9
9 53 5
9 54 39
9 55 57
9 56 409
9 57 65
9 58 18
9 59 28
9 60 8
9 61 5
10 0 2417
10 1 16
10 2 73
10 3 72
10 4 5
10 5 13
10 6 11
10 7 27
10 8 9
10 9 13
10 10 7848
10 11 9
10 12 39
10 13 1561
10 14 54
10 15 8
10 16 7
10 17 39
10 18 4
10 19 485
10 20 1
10 21 25
10 22 23
10 23 200
10 24 8
10 25 10
10 26 16
10 27 106
10 28 58
10 29 181
10 30 797
10 31 9
10 32 95
10 33 166
10 34 20
10 35 231
10 37 21
10 38 47
10 39 19
10 40 182
10 41 883
10 42 43
10 43 70
10 44 11
10 45 343
10 46 376
10 47 41
10 48 2
10 49 6
10 50 35
10 51 234
10 52 38
10 53 6
10 54 23
10 55 659
10 56 57
10 57 24
10 58 3
10 59 278
10 60 1
10 61 5
11 0 127
11 1 7
11 2 19
11 3 713
11 4 12
11 5 217
11 6 18
11 7 90
11 8 198
11 9 6
11 10 6
11 11 6616
11 12 75
11 13 39
11 14 186
11 15 8
11 16 5
11 17 13
11 18 18
11 19 5
11 21 33
11 22 24
11 23 60
11 25 12
11 26 190
11 27 352
11 28 21
11 29 86
11 30 278
11 31 25
11 32 296
11 33 1243
11 34 71
11 35 59
11 36 1
11 37 69
11 38 222
11 39 1
11 40 47
11 41 22
11 42 11
11 43 21
11 44 9
11 45 39
11 46 22
11 47 34
11 48 21
11 49 31
11 50 34
11 51 87
11 52 27
11 53 89
11 54 2432
11 55 33
11 56 14
11 57 4
11 58 25
11 59 114
11 60 6
11 61 6
12 0 514
12 1 9
12 2 33
12 3 490
12 4 6
12 5 10
12 6 8
12 7 27
12 8 461
12 9 15
12 10 40
12 11 15
12 12 4573
12 13 71
12 14 47
12 15 5
12 16 9
12 17 65
12 18 9
12 19 129
12 20 2
12 21 81
12 22 21
12 23 125
12 24 5
12 25 4
12 26 42
12 27 98
12 28 79
12 29 153
12 30 287
12 31 9
12 32 348
12 33 131
12 34 8
12 35 94
12 36 1
12 37 14
12 38 1634
12 39 6
12 40 120
12 41 107
12 42 35
12 43 59
12 44 9
12 45 151
12 46 248
12 47 143
12 48 3
12 49 1
12 50 22
12 51 169
12 52 303
12 53 22
12 54 40
12 55 246
12 56 40
12 57 19
12 58 6
12 59 114
12 61 3
13 0 1162
13 1 6
13 2 1190
13 3 198
13 4 11
13 5 25
13 6 15
13 7 88
13 8 40
13 9 43
13 10 768
13 11 44
13 12 30
13 13 44626
13 14 266
13 15 13
13 16 7
13 17 44
13 18 14
13 19 202
13 21 20
13 22 30
13 23 1268
13 24 1
13 25 7
13 26 24
13 27 278
13 28 57
13 29 1898
13 30 8362
13 31 44
13 32 177
13 33 450
13 34 39
13 35 5725
13 36 5
13 37 45
13 38 76
13 39 3800
13 40 1579
13 41 270
13 42 310
13 43 1141
13 44 22
13 45 418
13 46 215
13 47 38
13 48 4
13 49 29
13 50 25
13 51 1960
13 52 248
13 53 12
13 54 73
13 55 4446
13 56 116
13 57 17
13 58 18
13 59 10469
13 60 2
13 61 3
14 0 1144
14 1 284
14 2 136
14 3 505
14 4 1373
14 5 148
14 6 2160
14 7 410
14 8 54
14 9 80
14 10 97
14 11 98
14 12 21
14 13 110
14 14 277656
14 15 11
14 16 37
14 17 86
14 18 1396
14 19 25
14 21 40
14 22 186
14 23 202
14 24 13
14 25 309
14 26 122
14 27 9085
14 28 20
14 29 1299
14 30 2840
14 31 13338
14 32 592
14 33 2813
14 34 817
14 35 309
14 36 333
14 37 209
14 38 85
14 39 19
14 40 432
14 41 58
14 42 41
14 43 138
14 44 63
14 45 176
14 46 183
14 47 22
14 48 21
14 49 167
14 50 322
14 51 988
14 52 11
14 53 44
14 54 279
14 55 81
14 56 120
14 57 22
14 58 223
14 59 522
14 60 1005
14 61 47
15 0 140
15 1 5
15 2 6
15 3 32
15 4 1
15 5 24
15 6 3
15 7 16
15 8 23
15 9 1032
15 10 3
15 11 10
15 12 2
15 13 17
15 14 50
15 15 5511
15 16 837
15 17 45
15 18 3
15 19 3
15 20 18
15 21 17
15 22 58
15 23 2
15 24 16
15 25 5
15 26 10
15 27 128
15 28 28
15 29 18
15 30 75
15 31 12
15 32 82
15 33 102
15 34 28
15 35 22
15 37 12
15 38 15
15 40 7
15 41 32
15 42 4
15 43 4
15 44 208
15 45 169
15 46 51
15 47 9
15 48 2
15 49 3
15 50 9
15 51 26
15 52 3
15 53 4
15 54 16
15 55 31
15 56 669
15 57 111
15 58 11
15 59 21
15 60 7
15 61 3
16 0 227
16 1 6
16 2 1
16 3 32
16 4 3
16 5 22
16 6 4
16 7 19
16 8 24
16 9 873
16 10 9
16 11 13
16 12 7
16 13 24
16 14 96
16 15 959
16 16 5557
16 17 48
16 18 6
16 19 5
16 20 27
16 21 18
16 22 88
16 23 7
16 24 15
16 25 4
16 26 18
16 27 155
16 28 29
16 29 20
16 30 100
16 31 21
16 32 109
16 33 120
16 34 39
16 35 24
16 36 2
16 37 21
16 38 21
16 39 3
16 40 11
16 41 34
16 42 5
16 43 6
16 44 965
16 45 161
16 46 60
16 47 14
16 48 4
16 49 12
16 50 22
16 51 42
16 52 7
16 53 3
16 54 21
16 55 33
16 56 137
16 57 31
16 58 16
16 59 25
16 60 2
16 61 2
17 0 1538
17 1 1
17 2 20
17 3 82
17 4 8
17 5 19
17 6 10
17 7 21
17 8 73
17 9 28
17 10 60
17 11 22
17 12 24
17 13 82
17 14 115
17 15 19
17 16 8
17 17 6882
17 18 11
17 19 34
17 20 54
17 21 331
17 22 59
17 23 39
17 24 6
17 25 7
17 26 42
17 27 179
17 28 3044
17 29 99
17 30 307
17 31 10
17 32 330
17 33 325
17 34 35
17 35 93
17 36 4
17 37 26
17 38 135
17 39 8
17 40 76
17 41 251
17 42 11
17 43 28
17 44 35
17 45 1355
17 46 1273
17 47 166
17 48 3
17 49 20
17 50 13
17 51 126
17 52 24
17 53 14
17 54 35
17 55 65
17 56 145
17 57 48
17 58 13
17 59 82
17 60 2
17 61 4
18 0 91
18 1 47
18 2 2
18 3 70
18 4 64
18 5 28
18 6 42
18 7 55
18 8 9
18 9 9
18 11 22
18 12 7
18 13 11
18 14 4050
18 15 2
18 16 3
18 17 6
18 18 7313
18 19 3
18 21 2
18 22 23
18 23 12
18 24 6
18 25 540
18 26 23
18 27 4813
18 28 1
18 29 55
18 30 224
18 31 515
18 32 59
18 33 289
18 34 223
18 35 30
18 36 505
18 37 41
18 38 15
18 39 1
18 40 34
18 41 7
18 42 6
18 43 21
18 44 11
18 45 31
18 46 17
18 47 2
18 48 15
18 49 28
18 50 77
18 51 61
18 52 4
18 53 3
18 54 47
18 55 13
18 56 9
18 57 3
18 58 87
18 59 75
18 60 504
18 61 13
19 0 2515
19 1 8
19 2 62
19 3 50
19 4 5
19 5 12
19 6 11
19 7 24
19 8 9
19 9 8
19 10 1346
19 11 2
19 12 82
19 13 563
19 14 44
19 15 6
19 16 8
19 17 32
19 18 4
19 19 4149
19 21 14
19 22 16
19 23 152
19 24 6
19 25 9
19 26 15
19 27 80
19 28 48
19 29 178
19 30 602
19 31 5
19 32 76
19 33 112
19 34 15
19 35 202
19 36 3
19 37 14
19 38 33
19 39 15
19 40 143
19 41 420
19 42 29
19 43 61
19 44 9
19 45 265
19 46 305
19 47 48
19 49 8
19 50 24
19 51 168
19 52 26
19 53 3
19 54 23
19 55 1133
19 56 60
19 57 20
19 58 8
19 59 241
19 60 6
19 61 2
20 0 23
20 2 1
20 3 6
20 4 1
20 5 1
20 6 1
20 7 1
20 8 4
20 9 21
20 10 1
20 11 2
20 12 1
20 13 2
20 14 13
20 15 27
20 16 25
20 17 10
20 20 415
20 21 23
20 22 16
20 23 1
20 24 4
20 26 1
20 27 16
20 28 3
20 29 2
20 30 14
20 31 2
20 32 8
20 33 18
20 34 4
20 35 4
20 37 1
20 38 1
20 41 1
20 44 34
20 45 18
20 46 6
20 47 2
20 48 1
20 50 2
20 51 6
20 54 1
20 55 6
20 56 81
20 57 8
20 58 1
20 59 2
21 0 403
21 1 6
21 2 28
21 3 125
21 4 4
21 5 55
21 6 13
21 7 20
21 8 211
21 9 51
21 10 39
21 11 69
21 12 58
21 13 77
21 14 130
21 15 23
21 16 20
21 17 426
21 18 10
21 19 15
21 20 29
21 21 5928
21 22 158
21 23 39
21 24 54
21 25 7
21 26 270
21 27 209
21 28 460
21 29 81
21 30 298
21 31 16
21 32 7124
21 33 1342
21 34 42
21 35 106
21 36 2
21 37 148
21 38 801
21 39 7
21 40 76
21 41 92
21 42 10
21 43 36
21 44 44
21 45 173
21 46 106
21 47 152
21 48 3
21 49 20
21 50 18
21 51 155
21 52 20
21 53 12
21 54 37
21 55 51
21 56 58
21 57 9
21 58 17
21 59 98
21 60 4
21 61 5
22 0 333
22 1 8
22 2 11
22 3 86
22 4 9
22 5 70
22 6 20
22 7 50
22 8 61
22 9 142
22 10 12
22 11 28
22 12 24
22 13 71
22 14 253
22 15 43
22 16 71
22 17 84
22 18 14
22 19 15
22 20 9
22 21 105
22 22 17849
22 23 22
22 24 429
22 25 37
22 26 130
22 27 347
22 28 47
22 29 48
22 30 229
22 31 39
22 32 1073
22 33 1411
22 34 60
22 35 75
22 36 4
22 37 626
22 38 53
22 39 4
22 40 21
22 41 69
22 42 7
22 43 12
22 44 873
22 45 151
22 46 94
22 47 33
22 48 4
22 49 23
22 50 49
22 51 91
22 52 11
22 53 5
22 54 46
22 55 73
22 56 53
22 57 23
22 58 33
22 59 44
22 60 11
22 61 8
23 0 1692
23 1 6
23 2 14896
23 3 335
23 4 64
23 5 27
23 6 67
23 7 74
23 8 41
23 9 55
23 10 112
23 11 41
23 12 54
23 13 1147
23 14 986
23 15 11
23 16 10
23 17 47
23 18 13
23 19 63
23 20 1
23 21 37
23 22 39
23 23 303446
23 25 13
23 26 57
23 27 934
23 28 56
23 29 25071
23 30 387454
23 31 130
23 32 299
23 33 799
23 34 105
23 35 2284
23 36 6
23 37 29
23 38 85
23 39 246
23 40 82715
23 41 198
23 42 9309
23 43 3101
23 44 39
23 45 365
23 46 182
23 47 45
23 48 8
23 49 21
23 50 27
23 51 12387
23 52 274
23 53 15
23 54 220
23 55 465
23 56 331
23 57 19
23 58 9
23 59 10492
23 60 4
23 61 7
24 0 86
24 1 1
24 2 3
24 3 12
24 4 3
24 5 20
24 6 5
24 7 7
24 8 18
24 9 31
24 10 4
24 11 4
24 12 6
24 13 15
24 14 56
24 15 13
24 16 12
24 17 18
24 18 2
24 19 3
24 20 17
24 21 120
24 22 1359
24 23 9
24 24 2334
24 25 4
24 26 32
24 27 61
24 28 9
24 29 15
24 30 49
24 31 13
24 32 525
24 33 355
24 34 24
24 35 11
24 36 2
24 37 162
24 38 13
24 39 1
24 40 7
24 41 26
24 42 1
24 43 2
24 44 224
24 45 35
24 46 16
24 47 6
24 48 3
24 49 3
24 50 15
24 51 21
24 52 4
24 54 16
24 55 21
24 56 19
24 57 1
24 58 8
24 59 13
24 60 3
24 61 1
25 0 118
25 1 137
25 2 8
25 3 75
25 4 143
25 5 51
25 6 63
25 7 73
25 8 8
25 9 7
25 10 1
25 11 19
25 12 9
25 13 11
25 14 1915
25 15 2
25 16 6
25 17 13
25 18 449
25 19 5
25 21 16
25 22 32
25 23 14
25 24 3
25 25 5784
25 26 16
25 27 8291
25 28 4
25 29 77
25 30 227
25 31 191
25 32 74
25 33 329
25 34 947
25 35 27
25 36 72
25 37 36
25 38 11
25 39 1
25 40 39
25 41 7
25 42 7
25 43 12
25 44 16
25 45 36
25 46 17
25 47 6
25 48 25
25 49 34
25 50 581
25 51 65
25 52 4
25 53 4
25 54 66
25 55 13
25 56 6
25 57 2
25 58 108
25 59 85
25 60 611
25 61 26
26 0 280
26 1 15
26 2 31
26 3 245
26 4 13
26 5 123
26 6 20
26 7 64
26 8 561
26 9 23
26 10 9
26 11 230
26 12 24
26 13 30
26 14 431
26 15 29
26 16 18
26 17 21
26 18 13
26 19 6
26 20 1
26 21 142
26 22 115
26 23 46
26 24 21
26 25 21
26 26 6929
26 27 596
26 28 22
26 29 94
26 30 383
26 31 58
26 32 3067
26 33 7381
26 34 102
26 35 85
26 36 3
26 37 325
26 38 192
26 39 3
26 40 88
26 41 30
26 42 17
26 43 29
26 44 25
26 45 71
26 46 53
26 47 27
26 48 10
26 49 47
26 50 38
26 51 148
26 52 15
26 53 68
26 54 153
26 55 13
26 56 27
26 57 4
26 58 59
26 59 122
26 60 6
26 61 6
27 0 1402
27 1 266
27 2 95
27 3 838
27 4 285
27 5 455
27 6 467
27 7 555
27 8 95
27 9 74
27 10 12
27 11 183
27 12 39
27 13 163
27 14 10174
27 15 18
27 16 36
27 17 89
27 18 1615
27 19 14
27 20 3
27 21 77
27 22 346
27 23 327
27 24 38
27 25 2032
27 26 167
27 27 229100
27 28 55
27 29 713
27 30 3652
27 31 1287
27 32 714
27 33 4390
27 34 8772
27 35 359
27 36 717
27 37 513
27 38 90
27 39 13
27 40 514
27 41 69
27 42 48
27 43 164
27 44 133
27 45 340
27 46 224
27 47 31
27 48 56
27 49 454
27 50 647
27 51 736
27 52 33
27 53 63
27 54 560
27 55 61
27 56 99
27 57 5
27 58 3307
27 59 963
27 60 210
27 61 198
28 0 1445
28 1 5
28 2 27
28 3 91
28 4 3
28 5 14
28 6 12
28 7 21
28 8 58
28 9 33
28 10 57
28 11 19
28 12 19
28 13 81
28 14 100
28 15 15
28 16 12
28 17 1692
28 18 3
28 19 29
28 20 10
28 21 309
28 22 44
28 23 45
28 24 7
28 25 7
28 26 41
28 27 177
28 28 5495
28 29 94
28 30 261
28 31 7
28 32 287
28 33 290
28 34 30
28 35 81
28 37 23
28 38 207
28 39 7
28 40 66
28 41 226
28 42 8
28 43 36
28 44 34
28 45 1046
28 46 1754
28 47 344
28 48 2
28 49 21
28 50 13
28 51 120
28 52 17
28 53 10
28 54 22
28 55 48
28 56 124
28 57 27
28 58 4
28 59 96
28 60 3
28 61 6
29 0 1334
29 1 35
29 2 7691
29 3 286
29 4 29
29 5 17
29 6 54
29 7 80
29 8 20
29 9 45
29 10 82
29 11 82
29 12 56
29 13 993
29 14 830
29 15 1
29 16 8
29 17 21
29 18 13
29 19 62
29 21 15
29 22 26
29 23 21964
29 24 1
29 25 14
29 26 38
29 27 868
29 28 45
29 29 229554
29 30 102962
29 31 46
29 32 276
29 33 492
29 34 53
29 35 1531
29 36 14
29 37 23
29 38 84
29 39 264
29 40 54950
29 41 172
29 42 2553
29 43 2056
29 44 53
29 45 399
29 46 172
29 47 37
29 48 1
29 49 16
29 50 24
29 51 62127
29 52 468
29 53 24
29 54 121
29 55 335
29 56 212
29 57 11
29 58 11
29 59 11551
29 60 1
29 61 1
30 0 1209
30 1 6
30 2 21008
30 3 239
30 4 15
30 5 30
30 6 44
30 7 67
30 8 82
30 9 16
30 10 93
30 11 17
30 12 57
30 13 1095
30 14 1169
30 15 14
30 16 3
30 17 21
30 18 3
30 19 35
30 21 23
30 22 31
30 23 33764
30 24 1
30 25 23
30 26 80
30 27 860
30 28 37
30 29 11563
30 30 492482
30 31 134
30 32 206
30 33 654
30 34 90
30 35 1138
30 37 42
30 38 41
30 39 184
30 40 28905
30 41 131
30 42 2116
30 43 2377
30 44 42
30 45 330
30 46 142
30 47 29
30 48 4
30 49 8
30 50 18
30 51 6610
30 52 137
30 53 11
30 54 218
30 55 333
30 56 225
30 57 16
30 58 4
30 59 12287
30 60 2
30 61 4
31 0 259
31 1 64
31 2 33
31 3 123
31 4 210
31 5 38
31 6 360
31 7 87
31 8 15
31 9 18
31 10 23
31 11 25
31 12 6
31 13 21
31 14 36831
31 15 2
31 16 7
31 17 21
31 18 403
31 19 10
31 21 15
31 22 45
31 23 55
31 24 1
31 25 72
31 26 31
31 27 2230
31 28 11
31 29 324
31 30 717
31 31 30632
31 32 131
31 33 673
31 34 194
31 35 72
31 36 927
31 37 53
31 38 14
31 39 3
31 40 85
31 41 15
31 42 15
31 43 39
31 44 13
31 45 29
31 46 36
31 47 1
31 48 8
31 49 42
31 50 79
31 51 214
31 52 3
31 53 5
31 54 67
31 55 24
31 56 41
31 57 8
31 58 47
31 59 98
31 60 72
31 61 9
32 0 1150
32 1 19
32 2 107
32 3 438
32 4 15
32 5 156
32 6 62
32 7 108
32 8 746
32 9 148
32 10 77
32 11 144
32 12 100
32 13 309
32 14 473
32 15 45
32 16 53
32 17 349
32 18 34
32 19 44
32 20 21
32 21 2024
32 22 411
32 23 207
32 24 282
32 25 38
32 26 2759
32 27 750
32 28 533
32 29 436
32 30 1245
32 31 69
32 32 46524
32 33 5120
32 34 125
32 35 354
32 36 9
32 37 528
32 38 552
32 39 24
32 40 318
32 41 227
32 42 54
32 43 124
32 44 133
32 45 520
32 46 331
32 47 193
32 48 9
32 49 66
32 50 62
32 51 553
32 52 55
32 53 46
32 54 119
32 55 166
32 56 152
32 57 34
32 58 51
32 59 393
32 60 4
32 61 19
33 0 1662
33 1 61
33 2 186
33 3 1466
33 4 98
33 5 2384
33 6 143
33 7 451
33 8 365
33 9 93
33 10 81
33 11 972
33 12 68
33 13 244
33 14 2590
33 15 224
33 16 73
33 17 130
33 18 139
33 19 40
33 20 10
33 21 272
33 22 707
33 23 345
33 24 61
33 25 125
33 26 2058
33 27 5339
33 28 118
33 29 556
33 30 2423
33 31 295
33 32 3011
33 33 119899
33 34 867
33 35 493
33 36 23
33 37 2948
33 38 258
33 39 40
33 40 505
33 41 191
33 42 69
33 43 232
33 44 231
33 45 447
33 46 342
33 47 205
33 48 51
33 49 378
33 50 213
33 51 805
33 52 68
33 53 295
33 54 910
33 55 137
33 56 163
33 57 17
33 58 423
33 59 767
33 60 45
33 61 98
34 0 170
34 1 88
34 2 11
34 3 120
34 4 82
34 5 297
34 6 86
34 7 183
34 8 11
34 9 19
34 10 1
34 11 44
34 12 9
34 13 24
34 14 1265
34 15 2
34 16 7
34 17 15
34 18 149
34 19 7
34 21 13
34 22 55
34 23 30
34 24 6
34 25 598
34 26 24
34 27 13045
34 28 9
34 29 106
34 30 404
34 31 184
34 32 115
34 33 896
34 34 15564
34 35 53
34 36 42
34 37 116
34 38 28
34 39 2
34 40 70
34 41 16
34 42 8
34 43 20
34 44 26
34 45 62
34 46 38
34 47 6
34 48 25
34 49 1078
34 50 341
34 51 125
34 52 5
34 53 4
34 54 225
34 55 19
34 56 15
34 58 1791
34 59 136
34 60 55
34 61 553
35 0 1287
35 1 30
35 2 1880
35 3 309
35 4 26
35 5 43
35 6 35
35 7 112
35 8 66
35 9 48
35 10 163
35 11 44
35 12 39
35 13 5750
35 14 312
35 15 14
35 16 22
35 17 59
35 18 17
35 19 159
35 20 4
35 21 49
35 22 59
35 23 2398
35 24 17
35 25 26
35 26 37
35 27 464
35 28 71
35 29 2205
35 30 13310
35 31 54
35 32 208
35 33 609
35 34 63
35 35 56726
35 36 8
35 37 60
35 38 108
35 39 592
35 40 2335
35 41 216
35 42 386
35 43 6963
35 44 34
35 45 420
35 46 267
35 47 58
35 48 4
35 49 37
35 50 67
35 51 2041
35 52 1597
35 53 5
35 54 87
35 55 2445
35 56 121
35 57 23
35 58 29
35 59 6966
35 60 15
35 61 3
36 0 80
36 1 33
36 2 3
36 3 40
36 4 43
36 5 23
36 6 33
36 7 29
36 8 4
36 9 8
36 10 2
36 11 11
36 12 5
36 13 8
36 14 1778
36 16 3
36 17 3
36 18 839
36 19 1
36 21 6
36 22 18
36 23 15
36 24 3
36 25 138
36 26 11
36 27 4205
36 28 5
36 29 49
36 30 151
36 31 828
36 32 42
36 33 200
36 34 177
36 35 22
36 36 4775
36 37 28
36 38 15
36 39 2
36 40 23
36 41 6
36 42 5
36 43 10
36 44 14
36 45 19
36 46 17
36 47 3
36 48 3
36 49 19
36 50 51
36 51 48
36 52 2
36 53 5
36 54 39
36 55 4
36 56 4
36 58 54
36 59 54
36 60 129
36 61 4
37 0 406
37 1 29
37 2 50
37 3 328
37 4 19
37 5 469
37 6 32
37 7 115
37 8 106
37 9 38
37 10 18
37 11 103
37 12 25
37 13 63
37 14 678
37 15 41
37 16 16
37 17 39
37 18 35
37 19 14
37 20 1
37 21 88
37 22 730
37 23 73
37 24 94
37 25 48
37 26 342
37 27 1147
37 28 36
37 29 148
37 30 600
37 31 87
37 32 915
37 33 14432
37 34 257
37 35 139
37 36 8
37 37 13740
37 38 68
37 39 12
37 40 108
37 41 71
37 42 20
37 43 52
37 44 87
37 45 118
37 46 87
37 47 47
37 48 14
37 49 85
37 50 52
37 51 216
37 52 15
37 53 56
37 54 135
37 55 43
37 56 45
37 57 4
37 58 349
37 59 182
37 60 12
37 61 14
38 0 736
38 1 12
38 2 39
38 3 520
38 4 3
38 5 11
38 6 7
38 7 25
38 8 1000
38 9 7
38 10 66
38 11 40
38 12 1165
38 13 94
38 14 71
38 15 8
38 16 11
38 17 140
38 18 3
38 19 73
38 20 1
38 21 328
38 22 20
38 23 171
38 24 6
38 25 12
38 26 134
38 27 90
38 28 181
38 29 182
38 30 343
38 31 13
38 32 856
38 33 146
38 34 18
38 35 137
38 36 2
38 37 14
38 38 8729
38 39 21
38 40 140
38 41 108
38 42 44
38 43 99
38 44 15
38 45 196
38 46 327
38 47 321
38 48 1
38 49 2
38 50 28
38 51 247
38 52 117
38 53 19
38 54 45
38 55 191
38 56 55
38 57 14
38 58 9
38 59 134
38 60 2
38 61 4
39 0 228
39 2 934
39 3 37
39 4 1
39 5 6
39 6 3
39 7 12
39 8 6
39 9 5
39 10 43
39 11 7
39 12 7
39 13 1714
39 14 70
39 15 5
39 16 5
39 17 8
39 19 21
39 20 1
39 21 9
39 22 3
39 23 503
39 24 2
39 26 6
39 27 60
39 28 16
39 29 1037
39 30 5272
39 31 7
39 32 31
39 33 114
39 34 13
39 35 696
39 37 16
39 38 18
39 39 6416
39 40 789
39 41 54
39 42 125
39 43 472
39 44 1
39 45 76
39 46 47
39 47 3
39 49 5
39 50 3
39 51 937
39 52 49
39 53 2
39 54 28
39 55 171
39 56 34
39 57 9
39 59 10866
39 60 1
39 61 2
40 0 1503
40 1 13
40 2 20151
40 3 259
40 4 43
40 5 20
40 6 48
40 7 100
40 8 18
40 9 29
40 10 92
40 11 28
40 12 38
40 13 1190
40 14 1027
40 15 14
40 16 11
40 17 25
40 18 13
40 19 56
40 20 1
40 21 28
40 22 17
40 23 76923
40 25 10
40 26 56
40 27 750
40 28 68
40 29 81331
40 30 316522
40 31 113
40 32 215
40 33 708
40 34 66
40 35 1884
40 36 6
40 37 19
40 38 62
40 39 358
40 40 236131
40 41 163
40 42 4274
40 43 2957
40 44 38
40 45 305
40 46 200
40 47 54
40 48 4
40 49 3
40 50 25
40 51 22087
40 52 290
40 53 26
40 54 173
40 55 395
40 56 227
40 57 19
40 58 4
40 59 14826
40 60 1
40 61 3
41 0 20793
41 1 7
41 2 99
41 3 179
41 4 10
41 5 27
41 6 14
41 7 52
41 8 30
41 9 73
41 10 822
41 11 25
41 12 16
41 13 382
41 14 290
41 15 34
41 16 17
41 17 153
41 18 6
41 19 196
41 20 2
41 21 34
41 22 48
41 23 215
41 24 11
41 25 16
41 26 36
41 27 476
41 28 172
41 29 596
41 30 1832
41 31 31
41 32 294
41 33 569
41 34 58
41 35 326
41 36 3
41 37 36
41 38 88
41 39 29
41 40 312
41 41 14618
41 42 63
41 43 123
41 44 44
41 45 3915
41 46 2755
41 47 73
41 48 7
41 49 15
41 50 16
41 51 599
41 52 44
41 53 12
41 54 63
41 55 228
41 56 442
41 57 292
41 58 7
41 59 525
41 61 3
42 0 334
42 2 2264
42 3 76
42 4 6
42 5 11
42 6 12
42 7 30
42 8 5
42 9 5
42 10 20
42 11 18
42 12 11
42 13 277
42 14 158
42 15 1
42 17 9
42 19 23
42 21 7
42 22 10
42 23 22263
42 25 2
42 26 4
42 27 132
42 28 12
42 29 5849
42 30 45333
42 31 19
42 32 67
42 33 174
42 34 10
42 35 440
42 37 8
42 38 17
42 39 74
42 40 7656
42 41 39
42 42 43659
42 43 665
42 44 2
42 45 67
42 46 58
42 47 6
42 49 1
42 50 9
42 51 2931
42 52 57
42 53 4
42 54 35
42 55 77
42 56 46
42 57 2
42 59 2350
42 60 2
43 0 500
43 1 5
43 2 2958
43 3 99
43 4 6
43 5 13
43 6 4
43 7 43
43 8 13
43 9 24
43 10 62
43 11 18
43 12 18
43 13 614
43 14 178
43 15 4
43 16 5
43 17 20
43 18 5
43 19 60
43 20 1
43 21 6
43 22 8
43 23 3028
43 24 4
43 25 9
43 26 14
43 27 186
43 28 22
43 29 2419
43 30 15601
43 31 29
43 32 96
43 33 310
43 34 34
43 35 3325
43 37 30
43 38 34
43 39 183
43 40 2464
43 41 84
43 42 455
43 43 44484
43 44 6
43 45 164
43 46 102
43 47 16
43 49 31
43 50 18
43 51 1945
43 52 154
43 53 9
43 54 52
43 55 250
43 56 29
43 57 3
43 58 6
43 59 10141
43 61 4
44 0 291
44 1 16
44 2 13
44 3 87
44 4 15
44 5 58
44 6 18
44 7 38
44 8 53
44 9 327
44 10 16
44 11 27
44 12 17
44 13 40
44 14 214
44 15 124
44 16 945
44 17 71
44 18 22
44 19 14
44 20 5
44 21 53
44 22 1294
44 23 17
44 24 242
44 25 19
44 26 63
44 27 352
44 28 42
44 29 50
44 30 198
44 31 44
44 32 388
44 33 697
44 34 70
44 35 82
44 36 10
44 37 157
44 38 42
44 39 2
44 40 28
44 41 82
44 42 4
44 43 12
44 44 16970
44 45 158
44 46 115
44 47 23
44 48 2
44 49 20
44 50 45
44 51 91
44 52 11
44 53 7
44 54 41
44 55 74
44 56 77
44 57 20
44 58 27
44 59 41
44 60 7
44 61 2
45 0 18377
45 1 23
45 2 112
45 3 283
45 4 19
45 5 71
45 6 39
45 7 83
45 8 61
45 9 107
45 10 272
45 11 49
45 12 52
45 13 419
45 14 430
45 15 72
45 16 39
45 17 764
45 18 30
45 19 172
45 20 25
45 21 110
45 22 146
45 23 229
45 24 17
45 25 19
45 26 50
45 27 691
45 28 923
45 29 566
45 30 1769
45 31 47
45 32 492
45 33 1032
45 34 113
45 35 387
45 36 8
45 37 62
45 38 130
45 39 37
45 40 349
45 41 3804
45 42 56
45 43 139
45 44 112
45 45 32782
45 46 8266
45 47 108
45 48 5
45 49 43
45 50 37
45 51 624
45 52 56
45 53 21
45 54 86
45 55 319
45 56 4731
45 57 1438
45 58 36
45 59 537
45 60 7
45 61 8
46 0 17833
46 1 7
46 2 117
46 3 151
46 4 9
46 5 27
46 6 19
46 7 62
46 8 25
46 9 64
46 10 151
46 11 38
46 12 14
46 13 329
46 14 253
46 15 26
46 16 18
46 17 260
46 18 12
46 19 91
46 20 6
46 21 44
46 22 41
46 23 209
46 24 6
46 25 13
46 26 37
46 27 496
46 28 910
46 29 568
46 30 1851
46 31 36
46 32 292
46 33 546
46 34 63
46 35 308
46 36 1
46 37 30
46 38 125
46 39 29
46 40 302
46 41 2382
46 42 38
46 43 130
46 44 49
46 45 4916
46 46 19930
46 47 201
46 48 2
46 49 20
46 50 22
46 51 577
46 52 35
46 53 14
46 54 63
46 55 180
46 56 425
46 57 78
46 58 10
46 59 500
46 60 2
46 61 2
47 0 837
47 1 7
47 2 41
47 3 162
47 4 1
47 5 6
47 6 2
47 7 16
47 8 75
47 9 12
47 10 25
47 11 21
47 12 333
47 13 53
47 14 36
47 15 7
47 16 5
47 17 160
47 18 4
47 19 217
47 21 68
47 22 13
47 23 90
47 24 5
47 25 2
47 26 38
47 27 47
47 28 287
47 29 85
47 30 193
47 31 4
47 32 292
47 33 88
47 34 7
47 35 66
47 36 2
47 37 12
47 38 414
47 39 10
47 40 74
47 41 73
47 42 21
47 43 53
47 44 6
47 45 121
47 46 527
47 47 2456
47 49 2
47 50 10
47 51 95
47 52 53
47 53 11
47 54 21
47 55 110
47 56 23
47 57 3
47 58 4
47 59 70
47 60 2
48 0 19
48 1 11
48 2 1
48 3 92
48 4 18
48 5 26
48 6 19
48 7 690
48 9 2
48 10 1
48 11 23
48 12 3
48 13 5
48 14 124
48 17 5
48 18 13
48 21 4
48 22 7
48 23 6
48 24 2
48 25 24
48 26 5
48 27 189
48 28 2
48 29 5
48 30 37
48 31 17
48 32 29
48 33 105
48 34 56
48 35 5
48 36 1
48 37 7
48 38 2
48 39 1
48 40 2
48 42 1
48 43 2
48 44 2
48 45 6
48 46 1
48 47 1
48 48 1357
48 49 105
48 50 631
48 51 14
48 52 1
48 53 62
48 54 1391
48 55 9
48 58 10
48 59 12
48 60 20
48 61 214
49 0 94
49 1 3
49 2 26
49 3 146
49 4 7
49 5 555
49 6 16
49 7 134
49 8 18
49 9 3
49 10 4
49 11 64
49 12 6
49 13 31
49 14 121
49 15 4
49 16 4
49 17 14
49 18 6
49 19 2
49 21 8
49 22 13
49 23 56
49 24 4
49 25 10
49 26 26
49 27 266
49 28 15
49 29 61
49 30 191
49 31 17
49 32 57
49 33 399
49 34 1791
49 35 59
49 36 3
49 37 32
49 38 14
49 40 45
49 41 15
49 42 5
49 43 18
49 44 8
49 45 30
49 46 16
49 47 11
49 48 96
49 49 3042
49 50 129
49 51 76
49 52 6
49 53 24
49 54 890
49 55 24
49 56 11
49 57 2
49 58 371
49 59 83
49 60 7
49 61 104
50 0 100
50 1 720
50 2 8
50 3 254
50 4 148
50 5 119
50 6 111
50 7 2915
50 8 11
50 9 16
50 10 10
50 11 60
50 12 12
50 13 21
50 14 793
50 15 1
50 17 12
50 18 98
50 19 1
50 21 5
50 22 30
50 23 18
50 24 13
50 25 1077
50 26 22
50 27 2037
50 28 9
50 29 48
50 30 206
50 31 144
50 32 121
50 33 493
50 34 875
50 35 51
50 36 20
50 37 47
50 38 31
50 39 1
50 40 20
50 41 10
50 42 4
50 43 8
50 44 21
50 45 26
50 46 12
50 47 4
50 48 335
50 49 181
50 50 15250
50 51 65
50 52 10
50 53 79
50 54 349
50 55 21
50 56 8
50 57 2
50 58 183
50 59 106
50 60 139
50 61 472
51 0 1968
51 1 26
51 2 4561
51 3 366
51 4 26
51 5 25
51 6 67
51 7 52
51 8 31
51 9 68
51 10 120
51 11 91
51 12 47
51 13 1414
51 14 1116
51 15 17
51 16 9
51 17 57
51 18 16
51 19 89
51 21 15
51 22 43
51 23 10263
51 24 1
51 25 35
51 26 36
51 27 1101
51 28 64
51 29 87064
51 30 58132
51 31 139
51 32 328
51 33 815
51 34 117
51 35 2174
51 36 11
51 37 83
51 38 125
51 39 318
51 40 20093
51 41 272
51 42 2228
51 43 2252
51 44 33
51 45 559
51 46 297
51 47 83
51 48 2
51 49 41
51 50 33
51 51 344610
51 52 749
51 53 31
51 54 94
51 55 496
51 56 196
51 57 16
51 58 2
51 59 10995
51 60 4
51 61 6
52 0 281
52 1 15
52 2 151
52 3 108
52 4 8
52 5 18
52 6 9
52 7 39
52 8 25
52 9 13
52 10 43
52 11 19
52 12 218
52 13 653
52 14 89
52 15 5
52 16 8
52 17 30
52 18 12
52 19 37
52 21 22
52 22 23
52 23 240
52 24 14
52 25 22
52 26 19
52 27 135
52 28 21
52 29 290
52 30 1153
52 31 13
52 32 58
52 33 159
52 34 25
52 35 4059
52 36 1
52 37 24
52 38 42
52 39 54
52 40 314
52 41 50
52 42 58
52 43 430
52 44 11
52 45 112
52 46 45
52 47 27
52 48 3
52 49 3
52 50 32
52 51 303
52 52 9192
52 53 5
52 54 39
52 55 795
52 56 19
52 57 3
52 58 4
52 59 575
52 60 5
52 61 2
53 0 113
53 1 11
53 2 20
53 3 4620
53 4 12
53 5 58
53 6 13
53 7 733
53 8 131
53 9 7
53 10 10
53 11 206
53 12 49
53 13 38
53 14 182
53 15 10
53 16 7
53 17 14
53 18 13
53 19 7
53 20 1
53 21 24
53 22 37
53 23 48
53 24 2
53 25 17
53 26 42
53 27 328
53 28 31
53 29 93
53 30 232
53 31 28
53 32 153
53 33 515
53 34 81
53 35 67
53 36 5
53 37 30
53 38 84
53 39 9
53 40 51
53 41 16
53 42 16
53 43 18
53 44 15
53 45 42
53 46 27
53 47 20
53 48 55
53 49 20
53 50 105
53 51 106
53 52 17
53 53 4144
53 54 2255
53 55 21
53 56 12
53 57 5
53 58 25
53 59 118
53 60 10
53 61 8
54 0 246
54 1 26
54 2 56
54 3 431
54 4 26
54 5 450
54 6 30
54 7 591
54 8 36
54 9 14
54 10 17
54 11 929
54 12 13
54 13 125
54 14 376
54 15 16
54 16 5
54 17 35
54 18 37
54 19 14
54 21 13
54 22 61
54 23 113
54 24 9
54 25 40
54 26 65
54 27 686
54 28 61
54 29 172
54 30 574
54 31 50
54 32 165
54 33 941
54 34 364
54 35 128
54 36 10
54 37 84
54 38 53
54 39 17
54 40 97
54 41 72
54 42 28
54 43 53
54 44 26
54 45 82
54 46 52
54 47 17
54 48 196
54 49 229
54 50 329
54 51 220
54 52 30
54 53 216
54 54 20942
54 55 45
54 56 33
54 57 6
54 58 156
54 59 247
54 60 16
54 61 67
55 0 930
55 1 12
55 2 633
55 3 209
55 4 8
55 5 17
55 6 9
55 7 69
55 8 28
55 9 37
55 10 511
55 11 34
55 12 152
55 13 8230
55 14 179
55 15 12
55 16 12
55 17 35
55 18 12
55 19 614
55 21 24
55 22 33
55 23 710
55 24 4
55 25 6
55 26 22
55 27 208
55 28 59
55 29 1067
55 30 3670
55 31 25
55 32 137
55 33 340
55 34 39
55 35 6281
55 36 8
55 37 35
55 38 55
55 39 257
55 40 861
55 41 195
55 42 175
55 43 738
55 44 21
55 45 265
55 46 167
55 47 29
55 48 2
55 49 24
55 50 32
55 51 1069
55 52 797
55 53 8
55 54 47
55 55 24110
55 56 92
55 57 21
55 58 25
55 59 1711
55 60 3
56 0 1391
56 1 8
56 2 35
56 3 95
56 4 1
56 5 20
56 6 16
56 7 24
56 8 14
56 9 40
56 10 66
56 11 10
56 12 23
56 13 89
56 14 124
56 15 205
56 16 20
56 17 155
56 18 11
56 19 40
56 20 25
56 21 44
56 22 50
56 23 58
56 24 3
56 25 7
56 26 21
56 27 201
56 28 258
56 29 103
56 30 358
56 31 14
56 32 197
56 33 235
56 34 35
56 35 97
56 36 2
56 37 21
56 38 46
56 39 10
56 40 73
56 41 364
56 42 17
56 43 41
56 44 49
56 45 3812
56 46 540
56 47 40
56 48 5
56 49 16
56 50 17
56 51 154
56 52 14
56 53 14
56 54 29
56 55 69
56 56 10110
56 57 1338
56 58 13
56 59 79
56 60 3
56 61 7
57 0 1412
57 1 3
57 2 29
57 3 90
57 4 6
57 5 21
57 6 9
57 7 31
57 8 16
57 9 46
57 10 58
57 11 15
57 12 17
57 13 85
57 14 130
57 15 154
57 16 28
57 17 133
57 18 12
57 19 38
57 20 7
57 21 30
57 22 43
57 23 49
57 24 6
57 25 4
57 26 17
57 27 220
57 28 135
57 29 104
57 30 315
57 31 11
57 32 128
57 33 210
57 34 35
57 35 103
57 36 4
57 37 22
57 38 36
57 39 8
57 40 59
57 41 558
57 42 9
57 43 29
57 44 37
57 45 3349
57 46 411
57 47 40
57 48 2
57 49 13
57 50 15
57 51 141
57 52 12
57 53 10
57 54 25
57 55 64
57 56 4325
57 57 4929
57 58 13
57 59 106
57 60 2
57 61 5
58 0 139
58 1 57
58 2 8
58 3 109
58 4 38
58 5 549
58 6 84
58 7 97
58 8 14
58 9 26
58 11 47
58 12 5
58 13 22
58 14 1064
58 16 11
58 17 14
58 18 108
58 19 2
58 21 11
58 22 44
58 23 20
58 24 6
58 25 155
58 26 24
58 27 13774
58 28 9
58 29 76
58 30 343
58 31 152
58 32 103
58 33 884
58 34 3581
58 35 51
58 36 40
58 37 348
58 38 18
58 39 1
58 40 55
58 41 5
58 42 4
58 43 20
58 44 24
58 45 40
58 46 28
58 47 6
58 48 14
58 49 621
58 50 128
58 51 109
58 52 8
58 53 12
58 54 119
58 55 11
58 56 11
58 57 2
58 58 10040
58 59 103
58 60 20
58 61 131
59 0 1311
59 1 14
59 2 22135
59 3 275
59 4 11
59 5 19
59 6 36
59 7 61
59 8 28
59 9 15
59 10 130
59 11 46
59 12 35
59 13 2878
59 14 504
59 15 10
59 16 11
59 17 19
59 18 7
59 19 63
59 20 7
59 21 18
59 22 18
59 23 6583
59 24 3
59 25 19
59 26 56
59 27 672
59 28 38
59 29 11192
59 30 84514
59 31 50
59 32 228
59 33 772
59 34 63
59 35 2440
59 37 41
59 38 93
59 39 2694
59 40 9778
59 41 336
59 42 1183
59 43 5956
59 44 17
59 45 405
59 46 222
59 47 34
59 48 7
59 49 33
59 50 25
59 51 6850
59 52 216
59 53 15
59 54 158
59 55 456
59 56 130
59 57 15
59 58 5
59 59 137334
59 60 3
59 61 2
60 0 76
60 1 110
60 2 5
60 3 56
60 4 221
60 5 27
60 6 42
60 7 38
60 8 2
60 9 4
60 11 17
60 13 13
60 14 2642
60 16 2
60 17 7
60 18 1255
60 19 3
60 21 2
60 22 26
60 23 13
60 24 6
60 25 772
60 26 8
60 27 1592
60 28 3
60 29 38
60 30 148
60 31 105
60 32 40
60 33 192
60 34 205
60 35 17
60 36 77
60 37 19
60 38 7
60 40 35
60 41 2
60 42 6
60 43 8
60 44 13
60 45 23
60 46 8
60 47 4
60 48 15
60 49 23
60 50 133
60 51 53
60 52 2
60 53 6
60 54 46
60 55 7
60 56 4
60 58 69
60 59 59
60 60 4093
60 61 14
61 0 18
61 1 47
61 2 4
61 3 67
61 4 41
61 5 28
61 6 32
61 7 113
61 8 4
61 9 4
61 10 1
61 11 11
61 12 6
61 13 9
61 14 212
61 15 1
61 18 17
61 21 1
61 22 9
61 23 3
61 24 3
61 25 96
61 26 10
61 27 484
61 28 3
61 29 12
61 30 50
61 31 23
61 32 22
61 33 137
61 34 1408
61 35 14
61 36 3
61 37 18
61 38 2
61 39 2
61 40 5
61 41 5
61 42 4
61 43 2
61 44 6
61 45 7
61 46 1
61 47 1
61 48 186
61 49 108
61 50 287
61 51 15
61 52 3
61 53 20
61 54 88
61 55 6
61 56 3
61 57 1
61 58 43
61 59 24
61 60 44
61 61 2513
