0 522.804
1 1029.308
2 42.096
3 705.766
4 1308.35
5 691.582
6 1060.226
7 407.352
8 893.548
9 1037.852
10 634.705
11 498.76
12 1442.44
13 795.63
14 1042.693
15 1794.228
16 1629.119
17 495.469
18 492.936
19 647.161
20 1717.373
21 1411.47
22 1268.59
23 70.816
24 1274.679
25 631.763
26 654.842
27 657.205
28 403.043
29 284.716
30 22.829
31 522.359
32 1212.429
33 778.39
34 644.065
35 811.686
36 391.259
37 951.65
38 1001.7
39 230.312
40 108.532
41 652.431
42 58.37
43 173.55
44 2680.377
45 809.984
46 204.516
47 621.819
48 328.333
49 323.705
50 1390.559
51 912.051
52 968.132
53 518.602
54 474.649
55 1124.235
56 866.952
57 831.184
58 603.826
59 430.497
60 592.746
61 338.143
